,designation,ra,dec,parallax,phot_g_mean_mag,teff_gspphot
0,Gaia DR3 3400796031719045632,83.05313628063799,18.59421655157538,1.5207023448393597,3.1337926,
1,Gaia DR3 1986628812013105152,337.38260044640924,47.706882023498416,1.4838483825810553,3.5363603,
2,Gaia DR3 5966510057279631488,253.50765128170775,-41.806400365822114,0.1598843584599856,5.4242997,
3,Gaia DR3 3448691754658000640,83.18197230212488,32.19200837084741,0.9087346862036254,4.5889196,15015.948
4,Gaia DR3 5521599549054493696,130.1565070492401,-46.648720227436435,0.4311601010823921,3.5536344,
5,Gaia DR3 5521252069013332736,122.85785441385654,-42.98725806067096,0.7272922110955039,4.683607,
6,Gaia DR3 2056616231822305280,308.4757640562065,35.25082566230425,0.8792483739781002,3.8773339,
7,Gaia DR3 462250738616785152,52.26719596759808,59.940328920151536,1.0527302138944405,4.071776,
8,Gaia DR3 2012942564813958656,357.2090148684101,62.21450835796583,0.42643566901094904,5.293167,
9,Gaia DR3 1998148532777850880,358.59593000622834,57.49936804016163,-0.05692948580011033,4.050132,
10,Gaia DR3 413828761929696256,20.020472791574196,58.231607764923005,0.21416606475270417,4.736113,
11,Gaia DR3 5334608080460780672,177.61359406333256,-62.64937856185192,0.36989048295549687,5.590644,
12,Gaia DR3 5942196311827421568,247.42634385880945,-46.243249131461596,0.6504624641062906,5.129825,
13,Gaia DR3 6004302402223120512,229.01671390465498,-41.49117827476526,0.29684139310759067,5.064031,
14,Gaia DR3 5350668303173229824,159.36272075035663,-58.73332259211821,0.467465139400594,5.2264423,
15,Gaia DR3 5350406619413548032,160.66897013737804,-59.21574664835191,0.4715162019040973,5.271519,15104.513
16,Gaia DR3 5958043164999014400,266.8961644868148,-40.127021345862346,1.4177487203133474,2.8666828,
17,Gaia DR3 390548351252549760,11.181443815216312,48.28432996662515,0.5116474850853595,4.3494897,
18,Gaia DR3 2061242908036996352,304.4466538791861,38.032900101431466,0.6250835571020142,4.5663805,
19,Gaia DR3 3429829048565502848,89.49856114377457,25.953902795771025,0.8614699648345876,4.7625966,
20,Gaia DR3 2216536246703152256,329.1630789062305,63.6255485672108,1.0033079115530021,3.94011,
21,Gaia DR3 5337105105696383360,167.14159637803903,-61.94716725389448,0.3850633831987077,5.0380383,
22,Gaia DR3 4094031138050641408,273.80404921555873,-20.387978918638318,0.06414678648829153,5.897889,21691.086
23,Gaia DR3 5969594496668629376,252.89050342811538,-41.230536548894186,0.4892604539450828,5.1687064,
24,Gaia DR3 2009856132592845568,345.0212305361792,56.94536540741404,0.2507273488845277,4.999452,
25,Gaia DR3 5351701122540337792,156.85189911483013,-57.63878871978393,0.4975900536988298,4.483113,
26,Gaia DR3 2166348110749083520,312.2345339835501,46.11412316200807,0.543468503480708,4.673104,
27,Gaia DR3 2166846047768767488,313.95750211059317,47.41763849332711,0.3915125977927643,5.531616,15024.623
28,Gaia DR3 482818271843093376,73.51254990847781,66.34270799687302,0.591571207421435,4.2128644,9997.991
29,Gaia DR3 3030133379058134144,113.44982947953935,-14.523886220595731,1.3538433380226595,3.8964202,
30,Gaia DR3 430769040662018560,8.249996717303175,62.9317732684215,1.0644361052472915,4.118094,
31,Gaia DR3 5333358794709001216,175.87991025983249,-62.48939051370723,0.15368523710807233,4.791573,
32,Gaia DR3 4263490687602407936,291.6295360769325,0.33856060777582986,0.8751597416504627,4.460513,
33,Gaia DR3 2203889767044993920,326.36215544560565,61.12079660682435,0.9320880212508735,4.121482,
34,Gaia DR3 200929706966014976,75.6195856403002,41.075746103013174,1.4243804312657276,3.1632786,
35,Gaia DR3 970675154497903616,96.2245887330116,49.28788253332824,0.4425656919727949,4.122197,
36,Gaia DR3 5337891256535666176,167.1474026341081,-58.97503165727452,0.22275528413050544,3.557437,
37,Gaia DR3 5338040205991255296,165.7755724996937,-60.91072029508195,0.4503928748390512,5.4932246,
38,Gaia DR3 5522096008597568000,130.48708723542606,-45.410691833782316,0.5990418486351304,5.1157784,
39,Gaia DR3 3017190546641718144,83.85826322361507,-5.909896048091421,1.9968658285610956,2.7408419,35000.023
40,Gaia DR3 5610441600394646016,105.42975475577698,-27.934808608833123,2.508532778196012,2.7605493,
41,Gaia DR3 5336114548828274560,172.95327032994066,-59.51564214893272,0.46654239473766135,4.959113,
42,Gaia DR3 5330765974462198784,137.768289864662,-44.86788305060216,0.5934892999260477,4.876352,
43,Gaia DR3 5957938608303888896,267.5463147469851,-40.090441230775156,0.8147793941012971,4.686216,
44,Gaia DR3 5336490478704008960,172.94191336266627,-59.44205356300341,0.3253749176989074,4.723902,
45,Gaia DR3 3214077516844988800,81.11923705133687,-2.3971524975189644,1.5783049215332816,3.6153696,18608.2
46,Gaia DR3 2934094096385049728,104.0342526530782,-17.05422445391176,0.945272122756345,4.3546667,
47,Gaia DR3 205499655242974464,75.49223197537926,43.823296688371194,0.9878818319946335,2.847648,
48,Gaia DR3 3098523380258573952,101.90506561465706,-8.99849728806019,1.1020488653002771,4.173226,
49,Gaia DR3 5337672556798367360,168.1499985796962,-60.31761731733319,0.3931956453938817,4.431382,
50,Gaia DR3 450113435913489792,52.478079028412495,58.878746215239254,0.9302612032005914,4.3358145,
51,Gaia DR3 5971289565647972608,252.96755916146594,-38.047480863426145,1.873246274472837,3.069865,35823.555
52,Gaia DR3 5547686493207863424,121.06742601306047,-32.67480007276501,0.8125831094136867,4.0994883,
53,Gaia DR3 2005992002061917312,335.77920139127536,55.96321618744095,0.11397763942842497,5.5854383,
54,Gaia DR3 2971266110612490624,83.18258484252563,-17.822282254766677,1.6817195427885396,2.5535128,
55,Gaia DR3 4103326065816701440,278.1805094085419,-14.865677471797216,0.7957872335848991,4.6471844,
56,Gaia DR3 5616537017987940736,109.67701191823133,-24.954363523193937,0.5764975612258223,4.282144,
57,Gaia DR3 5865517646532509568,206.79521093666142,-62.58971606768743,0.24587662596140755,5.515118,
58,Gaia DR3 3425055656275589632,93.07957917737562,22.908505486051528,0.5642309997192667,5.15973,
59,Gaia DR3 2202630001603369856,325.87694430713873,58.78002783444686,0.11902358415373226,2.450726,
60,Gaia DR3 5618016960638976896,109.15345885325438,-23.31557664608189,1.2154615850721326,4.1069946,
61,Gaia DR3 5618683092877834368,112.46420423729673,-23.024271665481557,0.753483780667761,4.7652264,
62,Gaia DR3 1965171945678382208,319.35396891172644,39.39466369242246,1.1710697963225662,4.179437,
63,Gaia DR3 2921973698674974592,103.53311608405266,-24.18419290193152,1.286929178005339,3.2783384,
64,Gaia DR3 2921635736292220800,105.75612410219094,-23.833277071923618,0.8714895713272475,3.0407002,
65,Gaia DR3 5972220130436909568,258.6152251248684,-39.766655891085136,0.5484974178158757,5.324928,4572.738
66,Gaia DR3 2028058994291893888,295.9832102060562,27.135376103135506,-0.19309484417048706,5.863253,
67,Gaia DR3 3375442118216324864,92.9642251620216,21.868228022064805,0.47763290945328724,5.1718717,
68,Gaia DR3 3374836252947269888,90.97993942986818,20.138441150108694,0.7635539712812923,4.5121093,
69,Gaia DR3 2191213153886504704,319.81533890365745,58.62348562292023,0.5545572461403149,4.657596,6297.264
70,Gaia DR3 506778691804372736,32.169069954162865,58.42359984629357,0.3840703028019795,5.476785,
71,Gaia DR3 5964986649547042944,253.49886248281086,-42.36204478621972,0.5855000591336458,4.526421,6105.94
72,Gaia DR3 5599824647403389952,115.95193084548448,-28.95480827545906,0.9731727800868006,3.8961058,
73,Gaia DR3 5351044233094021376,163.12847432664975,-57.24038860667154,0.44412641118724183,5.1751633,
74,Gaia DR3 622052899598187392,151.83312977678483,16.762660412755842,1.7965196308953622,3.4907143,
75,Gaia DR3 4469314179061640320,270.1613199486119,2.9315258495371417,1.3731154046787157,3.9324145,
