,designation,ra,dec,parallax,phot_g_mean_mag,teff_gspphot
0,Gaia DR3 4727337637895749888,48.138321457658044,-57.32148837931147,2.1714042530111555,4.5381293,
1,Gaia DR3 5892368991819163136,215.08135204528145,-56.38652901387441,2.251065262457423,4.271601,
2,Gaia DR3 2205660290000075392,331.2866087282461,62.27980115248062,1.0221496763735376,5.0328045,
3,Gaia DR3 2206444069986109312,336.77212075928355,65.13225307789213,0.9686217845511726,5.390585,
4,Gaia DR3 5253347574087339776,154.27049434677835,-61.3322788093693,4.304645225574549,2.8710227,
5,Gaia DR3 5350316115858844800,162.0224611851894,-59.91914959115569,0.3619605308097059,5.8987913,
6,Gaia DR3 181259753177437568,80.00383649956103,33.958038947874506,0.8596301020312545,4.9333158,
7,Gaia DR3 5333358794709001216,175.87991025983249,-62.48939051370723,0.15368523710807233,4.791573,
8,Gaia DR3 6060572727302161920,193.9880084370721,-56.83581050132701,0.7575637726123303,5.3158255,17075.568
9,Gaia DR3 5351420437845776256,158.19914933244925,-58.6667327427971,0.41050312076764134,5.885478,
10,Gaia DR3 454491381981202944,42.67433778950114,55.89543428763181,3.265744722465881,3.1448548,
11,Gaia DR3 4263490687602407936,291.6295360769325,0.33856060777582986,0.8751597416504627,4.460513,
12,Gaia DR3 4107204421271171968,281.6805173135654,-10.125059233610953,0.8563682511668724,5.498168,
13,Gaia DR3 5250032958818831360,146.31159319122628,-62.50786736246062,1.9841691082382484,3.4711742,5488.411
14,Gaia DR3 2203889767044993920,326.36215544560565,61.12079660682435,0.9320880212508735,4.121482,
15,Gaia DR3 2098074279806975488,279.5270174902829,39.66836302692522,2.398640514974727,4.2299094,3542.9114
16,Gaia DR3 2199161386015469312,330.51902664934903,58.00035221519391,0.9070475104162397,5.4814396,24865.842
17,Gaia DR3 2198963817515042560,328.7214436400705,56.61121466997967,0.9126422830345406,5.4985867,
18,Gaia DR3 3326740865570982400,100.24441664679023,9.895739133621289,-1.3292349046808456,4.543516,26003.506
19,Gaia DR3 470456462615652864,61.11314961992613,59.15551363797133,1.5557644695113364,4.8538966,7166.9014
20,Gaia DR3 5584343695472423296,101.1185958829079,-31.070506985647015,1.6454048557314496,5.071308,35151.76
21,Gaia DR3 5354994812705906432,155.2282184580675,-56.043213855508675,2.26921620142227,4.4914026,12705.214
22,Gaia DR3 200929706966014976,75.6195856403002,41.075746103013174,1.4243804312657276,3.1632786,
23,Gaia DR3 2946055236704251520,102.59065682091439,-17.084563212293183,1.3355916950949382,5.265003,
24,Gaia DR3 2165218431286782336,316.6504293946806,47.64839511124905,2.5324349196351528,3.9655983,
25,Gaia DR3 970675154497903616,96.2245887330116,49.28788253332824,0.4425656919727949,4.122197,
26,Gaia DR3 5617678822143017088,109.66823156630946,-24.55868316646098,0.8549491665900713,4.9880133,23133.97
27,Gaia DR3 5337891256535666176,167.1474026341081,-58.97503165727452,0.22275528413050544,3.557437,
28,Gaia DR3 2090687795056051328,282.5199906501613,33.362650393309416,3.598248453237108,3.6048782,17700.201
29,Gaia DR3 5338040205991255296,165.7755724996937,-60.91072029508195,0.4503928748390512,5.4932246,
30,Gaia DR3 5589311357728452608,109.28559423278779,-37.097444485279574,5.762063161817684,2.0832374,
31,Gaia DR3 4075705783885296640,283.5424275644015,-22.74487557817089,1.838721922641737,4.383552,
32,Gaia DR3 5522096008597568000,130.48708723542606,-45.410691833782316,0.5990418486351304,5.1157784,
33,Gaia DR3 5233836018668907776,177.48579098512604,-70.22579282621119,2.110078822412644,4.519953,4696.346
34,Gaia DR3 2191787957952122752,322.7470323367297,60.45941517719424,1.1477346698880844,5.4582033,
35,Gaia DR3 2192289403968737280,318.19683965966686,60.097985177078016,0.9286426444269665,4.9458847,
36,Gaia DR3 5998976093037660416,232.35107809874762,-46.73273050452892,1.518635209339361,4.54036,
37,Gaia DR3 3017190546641718144,83.85826322361507,-5.909896048091421,1.9968658285610956,2.7408419,35000.023
38,Gaia DR3 4085003803955277056,284.33531508337774,-20.656374831395876,1.4685110876291065,4.98283,
39,Gaia DR3 5610288149803056896,108.5633486897137,-26.35248705694927,2.2693980414951946,4.5140247,13678.615
40,Gaia DR3 5610441600394646016,105.42975475577698,-27.934808608833123,2.508532778196012,2.7605493,
41,Gaia DR3 427499264872921472,12.81824376728299,61.80548436216646,0.9903087883110576,5.1906443,
42,Gaia DR3 6054416870941383296,183.09153197898877,-62.950775319533165,0.48741536639302774,5.8313837,
43,Gaia DR3 5917537534527580160,254.65491303478962,-55.99029939641002,5.772484443283007,2.5107856,
44,Gaia DR3 5336114548828274560,172.95327032994066,-59.51564214893272,0.46654239473766135,4.959113,
45,Gaia DR3 1144716265942885888,144.27155032517524,81.32630730588205,3.5422715513901784,3.785223,
46,Gaia DR3 5330765974462198784,137.768289864662,-44.86788305060216,0.5934892999260477,4.876352,
47,Gaia DR3 5875879684681370624,229.7047355591172,-60.49634901289514,1.209117049707579,5.378384,19477.56
48,Gaia DR3 3870025847369674624,158.2027646952496,9.306570149631488,1.5912719917828275,3.8256657,
49,Gaia DR3 534889699426804224,19.049567800099847,71.74384831639996,1.3148305294394604,4.952493,
50,Gaia DR3 2026641620708032640,298.00664191932043,24.992142161765695,0.656628972876284,5.307211,7592.4062
51,Gaia DR3 5957938608303888896,267.5463147469851,-40.090441230775156,0.8147793941012971,4.686216,
52,Gaia DR3 5538814190283894656,116.31367447237092,-37.96856044058731,2.9459649267338475,2.875049,
53,Gaia DR3 5875491419647525248,229.2370288887423,-60.95727228042711,1.4344519433007137,5.008418,
54,Gaia DR3 3360882763199831424,105.06592052769187,16.07897910095371,0.7208925522646366,5.0911365,
55,Gaia DR3 5336490478704008960,172.94191336266627,-59.44205356300341,0.3253749176989074,4.723902,
56,Gaia DR3 5499415974230271488,92.57458961026852,-54.96860694005012,2.1502738856897965,4.720275,9999.556
57,Gaia DR3 5501284972198817536,98.74402761716749,-52.97556197948061,1.923474381363655,4.3258247,
58,Gaia DR3 2931284534938925696,109.757990163232,-19.28028939771427,0.34495709249705986,5.8939514,7867.955
59,Gaia DR3 1860951540586100864,307.3489295465808,30.368551229652493,3.043810143226041,3.9099448,
60,Gaia DR3 168726523212358272,58.53304404662457,31.88359461391294,3.855550617532855,2.8219895,28444.018
61,Gaia DR3 3462933174719143424,183.30373111064853,-34.12524892777133,2.28673303353652,4.426598,
62,Gaia DR3 2015270437079448448,349.84902843575185,62.73976670471046,0.9987950383024217,5.377756,
63,Gaia DR3 5886622703508749440,227.81656606742993,-55.34606754654793,1.4445752501991762,5.117611,
64,Gaia DR3 6662929658466129920,286.74254042746605,-45.9704577089873,0.491363662179527,5.6403155,3757.8132
65,Gaia DR3 5846780078616570752,216.2762682504734,-68.19535117374981,1.0936742084101216,5.40648,7294.1333
66,Gaia DR3 3214077516844988800,81.11923705133687,-2.3971524975189644,1.5783049215332816,3.6153696,18608.2
67,Gaia DR3 5940954177259978880,250.3350819050462,-48.762999834907106,0.6933705844626059,5.601677,7417.8877
68,Gaia DR3 5365315790907090944,155.0695882731303,-47.69907220034903,1.2399176682790156,4.978791,
69,Gaia DR3 5520409190267731584,121.6680441556766,-45.265964020239466,1.962756019139181,4.550747,
70,Gaia DR3 2934094096385049728,104.0342526530782,-17.05422445391176,0.945272122756345,4.3546667,
71,Gaia DR3 205499655242974464,75.49223197537926,43.823296688371194,0.9878818319946335,2.847648,
72,Gaia DR3 1963714268134133120,321.44597546549136,36.66734285465202,0.4642402239671806,5.8740473,
73,Gaia DR3 3098523380258573952,101.90506561465706,-8.99849728806019,1.1020488653002771,4.173226,
74,Gaia DR3 2428589330539122304,1.1254682646720602,-10.509574730675123,1.6457113850349974,4.390705,4309.2466
75,Gaia DR3 216718178536050176,56.07975605974174,32.28820323631351,3.0223525151861725,3.842228,
76,Gaia DR3 219375904303684224,59.74126438868437,35.7910420686924,2.445698847170818,3.9748838,21759.475
77,Gaia DR3 5255378028454342272,156.96958728792242,-58.73939589190718,2.111081211869636,3.75138,
78,Gaia DR3 1824534959611831680,296.84697410021977,18.53431498544213,5.967380825829624,2.8368227,
79,Gaia DR3 5337672556798367360,168.1499985796962,-60.31761731733319,0.3931956453938817,4.431382,
80,Gaia DR3 5799008222524417408,228.5799492166758,-70.07951325995495,2.8588468729259113,4.253746,
81,Gaia DR3 448103803535751680,48.94986322883467,57.14061875687593,1.063686131941785,5.5315356,7264.573
82,Gaia DR3 450113435913489792,52.478079028412495,58.878746215239254,0.9302612032005914,4.3358145,
83,Gaia DR3 5614471482318442240,117.32353878305732,-24.859795343600315,3.0058993777046874,3.0238004,
84,Gaia DR3 1938979585834537728,356.508583760975,46.42024226971481,1.6351798438682124,4.65064,
85,Gaia DR3 5305373440633087360,143.61095283696628,-59.2297266018616,1.7232712450125363,4.0521374,7899.9785
86,Gaia DR3 4321917051899730432,294.8555605931537,16.571094344974657,1.1320328892232996,5.4062757,4180.4585
87,Gaia DR3 5971289565647972608,252.96755916146594,-38.047480863426145,1.873246274472837,3.069865,35823.555
88,Gaia DR3 4049506483413484672,275.24868220695066,-29.82822386700995,7.846769491115783,2.296982,
89,Gaia DR3 4240272953377646592,298.11824336043924,1.0056218968067914,3.6714961421919132,3.7476714,5808.348
90,Gaia DR3 5547686493207863424,121.06742601306047,-32.67480007276501,0.8125831094136867,4.0994883,
91,Gaia DR3 5462428643590805248,154.53154195360642,-28.991951019483142,0.7106657489629279,5.372162,
92,Gaia DR3 2199904449710846720,332.8773408078624,59.41443924203745,1.1761190405229125,4.9574842,
93,Gaia DR3 2199493438511811712,332.7137697826255,58.20128527773775,3.2971978923053005,2.8701382,
94,Gaia DR3 2200153454733285248,337.2928846512036,58.41520817273959,3.5550642334569473,3.8505998,6355.6323
95,Gaia DR3 2005992002061917312,335.77920139127536,55.96321618744095,0.11397763942842497,5.5854383,
96,Gaia DR3 5254185333179488768,160.8844000286122,-60.5666080044978,2.20082806220161,3.8380425,
97,Gaia DR3 4100872505552406784,283.6796303399249,-15.603066511473397,1.7668059473392144,5.0078907,
98,Gaia DR3 196944217825405184,89.98371736337808,45.936700316237285,4.515407302318046,3.0882971,
99,Gaia DR3 2971266110612490624,83.18258484252563,-17.822282254766677,1.6817195427885396,2.5535128,
100,Gaia DR3 4103326065816701440,278.1805094085419,-14.865677471797216,0.7957872335848991,4.6471844,
101,Gaia DR3 5616537017987940736,109.67701191823133,-24.954363523193937,0.5764975612258223,4.282144,
102,Gaia DR3 2162316545207257600,316.2328118253326,43.9278571769806,2.836313901245389,3.0638983,
103,Gaia DR3 5249119024128109952,146.77535748906328,-65.07197322907481,3.7373040047368864,2.9269278,8864.077
104,Gaia DR3 491055881678884224,51.168947658481336,64.58599364600056,1.6384853308801626,4.171272,
105,Gaia DR3 5865517646532509568,206.79521093666142,-62.58971606768743,0.24587662596140755,5.515118,
106,Gaia DR3 4582795323914832000,268.85497113725245,26.050014711938804,0.7608126093496012,5.3510375,
107,Gaia DR3 3425306173127304448,92.4332717548781,23.11345257086117,0.38777980418769253,5.736358,
108,Gaia DR3 3425055656275589632,93.07957917737562,22.908505486051528,0.5642309997192667,5.15973,
109,Gaia DR3 5937811566873544704,250.41759782843386,-49.651563618948245,0.9741008267088063,5.5957747,
110,Gaia DR3 5329693847558732288,132.63939147801742,-46.529172820252505,1.4174258694291482,5.0484524,24661.406
111,Gaia DR3 5329890866290156288,131.8284872037686,-46.155395934565796,0.6947800931721699,5.555095,
112,Gaia DR3 5329412200783621120,130.3046529868285,-47.3170832661192,1.4106995265351547,4.696814,7890.9414
113,Gaia DR3 5329941409468845824,131.50677499291484,-46.04150716596181,2.3017049618929617,3.8647258,8084.108
114,Gaia DR3 5329944020807311616,131.6272479230704,-45.91248510017353,0.6872316846477388,5.3425817,
115,Gaia DR3 5858915766471945984,197.0297594341892,-65.30602945763631,0.4613081562706535,5.589323,
116,Gaia DR3 5695101727992548224,125.70804727384896,-26.348201377307593,0.3595966574519799,5.7891617,
117,Gaia DR3 2148205378601490688,278.1438446909768,57.045560665928,1.0200164571778358,4.60434,
118,Gaia DR3 4757601523650165120,83.40631067329583,-62.489769239431524,2.930785424074064,3.5934615,5838.165
119,Gaia DR3 2202630001603369856,325.87694430713873,58.78002783444686,0.11902358415373226,2.450726,
120,Gaia DR3 3366754155291545344,106.02717676046669,20.570294274158407,3.0729129856354085,3.5395133,
121,Gaia DR3 3315870440783129600,88.11013009741379,1.8551024303849013,2.542363555105165,4.3293777,
122,Gaia DR3 5308225539451195520,149.21548431065693,-54.56776992491004,1.9030403042356356,3.521229,
123,Gaia DR3 5290818758516639104,119.9063897425201,-60.587012750445204,2.2335487872596307,4.2988462,4746.2236
124,Gaia DR3 4291204840262233344,293.2823554284752,5.029379659027878,0.9144426586970447,5.1847405,
125,Gaia DR3 5509137443727960832,104.06663193424433,-48.72110709465919,2.7727141444285412,4.0814834,
126,Gaia DR3 3143460557918325248,112.04053009037109,8.925573994135036,3.1339523529566757,3.7767541,
127,Gaia DR3 6210657748086115328,228.65545275510803,-31.519119241768724,1.524260806992173,4.7960844,
128,Gaia DR3 4044222883404244736,269.7720187345046,-30.253062691826745,1.3150938995532506,4.3048916,
129,Gaia DR3 5618016960638976896,109.15345885325438,-23.31557664608189,1.2154615850721326,4.1069946,
130,Gaia DR3 5618683092877834368,112.46420423729673,-23.024271665481557,0.753483780667761,4.7652264,
131,Gaia DR3 1965171945678382208,319.35396891172644,39.39466369242246,1.1710697963225662,4.179437,
132,Gaia DR3 1980828991263480448,325.52362107018854,51.18961175597395,2.2726484970883414,4.642398,
133,Gaia DR3 3236198793146848256,80.7083419203579,3.5444432897162,1.843142295288997,4.937566,18082.28
134,Gaia DR3 3232262786334597888,73.56290684709873,2.4406776157180046,3.294487559717264,3.692016,18110.354
135,Gaia DR3 160886283751041408,74.24843702624405,33.16601472318802,7.249065034494049,2.1975422,
136,Gaia DR3 2680356911816018048,331.44606406642515,-0.31989739999996836,4.94514532586508,2.727835,7100.221
137,Gaia DR3 5856714131833261184,188.72671205509857,-67.7569110354985,3.0037101511828097,3.9212968,
138,Gaia DR3 3287731945364911232,72.80151646339951,5.60510830642511,3.8715039967063936,3.6682577,
139,Gaia DR3 5875338617515374464,228.254211805356,-61.74381043774013,0.9889577891933082,5.4393687,
140,Gaia DR3 5857626314171591808,199.3040477794987,-66.78346911742918,2.522073672259521,4.3657265,
141,Gaia DR3 1978185009394330240,326.6984114265637,49.309556757220584,2.2800572318611247,4.184846,
142,Gaia DR3 4050309195613114624,271.25513249315395,-29.580109896712006,2.365032746876402,4.585245,5125.068
143,Gaia DR3 2921973698674974592,103.53311608405266,-24.18419290193152,1.286929178005339,3.2783384,
144,Gaia DR3 2921635736292220800,105.75612410219094,-23.833277071923618,0.8714895713272475,3.0407002,
145,Gaia DR3 2671038928727970944,322.8898027828743,-5.571211107815946,5.972785301344111,2.7120852,
146,Gaia DR3 5972220130436909568,258.6152251248684,-39.766655891085136,0.5484974178158757,5.324928,4572.738
147,Gaia DR3 3396380255582857728,85.3238273128886,16.534069297841707,1.383104643146504,4.721123,
148,Gaia DR3 5333074089931966592,178.74996543083657,-63.27918390306925,0.5163398626683956,5.8308487,
149,Gaia DR3 229898024422755840,59.463595170524904,40.0100950978535,5.331620151096612,2.904279,38816.12
150,Gaia DR3 4184011836737423872,290.4317644126162,-15.955043447580321,2.0869324115661207,4.414471,
151,Gaia DR3 5968468321845736192,249.09399140903668,-42.85887639365291,0.7601361243558197,5.2670107,
152,Gaia DR3 5968761685316464128,247.92401678007585,-41.81715759331093,0.7734493241438036,5.1761,
153,Gaia DR3 2028058994291893888,295.9832102060562,27.135376103135506,-0.19309484417048706,5.863253,
154,Gaia DR3 6705977119250947712,271.65772381444384,-50.09152286889015,2.946986528235679,3.643981,21340.709
155,Gaia DR3 3375442118216324864,92.9642251620216,21.868228022064805,0.47763290945328724,5.1718717,
156,Gaia DR3 3374836252947269888,90.97993942986818,20.138441150108694,0.7635539712812923,4.5121093,
157,Gaia DR3 2191213153886504704,319.81533890365745,58.62348562292023,0.5545572461403149,4.657596,6297.264
158,Gaia DR3 506778691804372736,32.169069954162865,58.42359984629357,0.3840703028019795,5.476785,
159,Gaia DR3 5824367461802186624,227.37460268954368,-67.08415022301814,0.9223471174744081,5.571874,
160,Gaia DR3 5718988927344562944,116.91051666191507,-15.99067324200254,0.3197047307852636,5.746924,
161,Gaia DR3 1985889115564260224,344.10832216302356,49.73353177685781,1.4018111325391363,4.216367,
162,Gaia DR3 5964986649547042944,253.49886248281086,-42.36204478621972,0.5855000591336458,4.526421,6105.94
163,Gaia DR3 5599824647403389952,115.95193084548448,-28.95480827545906,0.9731727800868006,3.8961058,
164,Gaia DR3 5932748487665645824,240.4009096402406,-54.14324010755499,0.4188323006807985,5.8869066,
165,Gaia DR3 944939847899350784,99.13682410093567,38.445417469878024,2.0387256186369243,4.140064,4105.7466
166,Gaia DR3 5329122067149201152,130.56744410010623,-48.099075557417315,0.9478630353991352,5.479792,19819.902
167,Gaia DR3 5351044233094021376,163.12847432664975,-57.24038860667154,0.44412641118724183,5.1751633,
168,Gaia DR3 3224479171721217280,84.79643988939736,4.121470907332876,1.9760860069837427,4.466577,15709.806
169,Gaia DR3 3228743421412376704,76.34886739642991,1.1776099338614843,2.0397879427330197,4.5757837,
170,Gaia DR3 1388904123294869760,230.65572385943926,39.58139932273327,1.3231801913245191,4.9114814,
171,Gaia DR3 5313280715934982144,140.99718773707124,-51.737063976451275,0.32161265306711057,5.8698606,
172,Gaia DR3 5313416299453665792,139.6764416567547,-51.560631032039986,0.5374632726823981,5.661753,6596.083
173,Gaia DR3 611797170530193408,133.84533174450627,17.23130175808034,1.75004578394306,5.0156755,
174,Gaia DR3 622052899598187392,151.83312977678483,16.762660412755842,1.7965196308953622,3.4907143,
175,Gaia DR3 2073743839843579776,297.65550993874785,40.5997239089879,0.867265423409951,5.6359863,
176,Gaia DR3 4077480533158341248,278.4728472798821,-24.032314643183064,1.7715454322748339,4.7401404,
177,Gaia DR3 1999776222304976384,336.1290951420093,49.4763771500571,1.2656283218300588,4.509516,
178,Gaia DR3 5866952440466180736,214.1429167837981,-59.91372277123619,1.108229829807931,4.781366,
179,Gaia DR3 1542553623374596352,191.28258987519374,45.44031536481818,3.2222468322927225,3.9576192,
180,Gaia DR3 6631708338599353856,283.0542904873621,-62.18765029329833,2.972641631982488,4.165446,
181,Gaia DR3 203855713561818240,69.17259751847932,41.26475172720214,3.6003144749177594,3.8100004,
182,Gaia DR3 4302054339959905920,296.56498571046956,10.613252703828636,5.589928355256642,2.223692,
183,Gaia DR3 5944296074139193984,248.5209193617997,-44.04532454516372,1.096695251926267,4.8155746,
184,Gaia DR3 5229179105872769408,157.75846840063642,-73.22145815267073,2.5906160296641265,4.271682,
185,Gaia DR3 457487413730043904,35.589314692312705,55.84564535570569,0.7851998831581133,5.057103,
186,Gaia DR3 5846133771931012096,212.6286732243717,-70.30548126632651,1.1568691160595659,5.3325934,
187,Gaia DR3 4469314179061640320,270.1613199486119,2.9315258495371417,1.3731154046787157,3.9324145,
188,Gaia DR3 2031043893478042624,301.15070699288765,32.2185494881055,0.509820108220937,5.4437695,
189,Gaia DR3 3400796031719045632,83.05313628063799,18.59421655157538,1.5207023448393597,3.1337926,
190,Gaia DR3 2086308474601847168,297.99609664167923,47.02732085168613,0.5038268019442613,5.5857744,
191,Gaia DR3 5978207447948294016,256.2056387304741,-34.122937351033436,0.9234913233101671,4.7359853,
192,Gaia DR3 1986628812013105152,337.38260044640924,47.706882023498416,1.4838483825810553,3.5363603,
193,Gaia DR3 5966563486675142912,253.7437684795529,-41.15086637583546,0.5416667036863951,5.671538,
194,Gaia DR3 518061296009524480,30.75077265273442,64.3900082211575,1.0770295252339708,5.480928,
195,Gaia DR3 5966510057279631488,253.50765128170775,-41.806400365822114,0.1598843584599856,5.4242997,
196,Gaia DR3 5302503371669042688,130.15422888445784,-59.76098171605692,1.8023100180053184,4.297206,
197,Gaia DR3 5596975125580580736,119.41706711464809,-30.334542150454148,1.715673786161027,4.740834,
198,Gaia DR3 1971467916750747264,319.61330451716344,43.94590648819495,1.4497779081030102,4.992317,21118.25
199,Gaia DR3 3384529341302871296,100.98300597068413,25.131074836391473,3.747653899374491,2.6483977,
200,Gaia DR3 3447781290310332672,85.17520771749727,31.92059727415291,0.9188675278194314,5.079807,
201,Gaia DR3 3448691754658000640,83.18197230212488,32.19200837084741,0.9087346862036254,4.5889196,15015.948
202,Gaia DR3 5922444483103229952,261.3248860596135,-55.529996917051356,4.560053792219337,2.3912818,
203,Gaia DR3 5922299347569528832,261.3485553800659,-56.377786406266836,3.9387250754255283,3.3046894,14338.137
204,Gaia DR3 5521599549054493696,130.1565070492401,-46.648720227436435,0.4311601010823921,3.5536344,
205,Gaia DR3 5521252069013332736,122.85785441385654,-42.98725806067096,0.7272922110955039,4.683607,
206,Gaia DR3 5356397274150705920,151.88670503248818,-53.260130740590306,0.5090917628723376,5.659166,3613.5479
207,Gaia DR3 2056616231822305280,308.4757640562065,35.25082566230425,0.8792483739781002,3.8773339,
208,Gaia DR3 2057110874609437952,304.6627847732914,34.98275147811952,0.9739922856085181,4.9598055,
209,Gaia DR3 2924859847973986048,97.96400994106081,-23.418394841586725,2.1660237512142166,4.2663584,22637.568
210,Gaia DR3 5334446516614032128,171.7485206231036,-61.369315202975585,0.4635177927600294,5.6946774,
211,Gaia DR3 4609802834185436928,269.06327056542517,37.250566408097306,4.100249049969286,3.47414,
212,Gaia DR3 5542313111163231744,127.62412333456412,-36.72131836651618,0.6544065136992102,5.587209,3695.433
213,Gaia DR3 5251851860296275968,157.2188913747353,-64.17227225037759,1.832972469516927,4.3596005,
214,Gaia DR3 5332864289366577664,179.69850477635973,-64.33956184803282,0.7194202690454009,5.5476847,
215,Gaia DR3 462250738616785152,52.26719596759808,59.940328920151536,1.0527302138944405,4.071776,
216,Gaia DR3 2012942564813958656,357.2090148684101,62.21450835796583,0.42643566901094904,5.293167,
217,Gaia DR3 5932963991897373184,243.3206746922995,-53.67119494469387,1.2917581209319464,5.102559,
218,Gaia DR3 5593345912571693824,112.67744619582737,-30.962275845942536,2.399903285007338,4.4038615,
219,Gaia DR3 3001626650311480064,95.89964835546134,-9.874713268717057,1.371928691488276,5.2683825,
220,Gaia DR3 1998148532777850880,358.59593000622834,57.49936804016163,-0.05692948580011033,4.050132,
221,Gaia DR3 413828761929696256,20.020472791574196,58.231607764923005,0.21416606475270417,4.736113,
222,Gaia DR3 5334608080460780672,177.61359406333256,-62.64937856185192,0.36989048295549687,5.590644,
223,Gaia DR3 5942196311827421568,247.42634385880945,-46.243249131461596,0.6504624641062906,5.129825,
224,Gaia DR3 488354175450563968,57.380326534704494,65.52591009149197,3.32880597098895,3.267435,
225,Gaia DR3 5254827443673628288,156.10560063071168,-60.19138587563628,0.47430033509794944,5.88385,
226,Gaia DR3 5254903760987765248,155.08993192367154,-60.45436570051683,0.41431251567805955,5.662138,
227,Gaia DR3 5355568551631287424,156.1651012055365,-54.32191771393482,1.4036382918994859,5.21826,
228,Gaia DR3 5355604835516835712,156.56510192726128,-53.8914436922241,0.35838080927784466,5.7057457,
229,Gaia DR3 5355253335382594176,154.9030304438349,-55.02929569542762,1.8988058997926562,4.01697,
230,Gaia DR3 5856960216266329216,193.79243031427893,-68.90679268637989,0.4555282765243759,5.746269,
231,Gaia DR3 6375513882989561472,318.3359906316328,-70.12635078549926,2.4875099708447252,4.2036533,
232,Gaia DR3 2093931938472201600,283.62614120001314,36.89862858866195,4.235186837675473,2.922179,
233,Gaia DR3 6372582859867661568,321.06991425768445,-69.73390858039208,1.2418275721102985,5.060186,4126.6895
234,Gaia DR3 6068501168182306304,200.56783196354394,-52.18295574530917,0.4887011039034339,5.7777057,7435.0684
235,Gaia DR3 5916444551230478848,258.5558780314747,-56.88855617768223,1.8119466369961301,4.961723,
236,Gaia DR3 6004302402223120512,229.01671390465498,-41.49117827476526,0.29684139310759067,5.064031,
237,Gaia DR3 5350668303173229824,159.36272075035663,-58.73332259211821,0.467465139400594,5.2264423,
238,Gaia DR3 5350588691660896128,159.68735598577635,-59.182992968528445,2.303814526683267,4.056845,
239,Gaia DR3 5350406619413548032,160.66897013737804,-59.21574664835191,0.4715162019040973,5.271519,15104.513
240,Gaia DR3 3356702213833773440,96.36738116624356,14.721972487527895,1.354431115836823,5.129608,
241,Gaia DR3 5958043164999014400,266.8961644868148,-40.127021345862346,1.4177487203133474,2.8666828,
242,Gaia DR3 405336164170476672,25.79626750235481,48.51674892720531,0.5043822538118993,5.7553086,
243,Gaia DR3 956367725082232192,94.43742251938771,39.47386174217954,0.42668083079058716,5.881299,
244,Gaia DR3 5927377029712024576,251.83186249199093,-58.3415373624984,0.8809217326744422,5.5253353,22457.123
245,Gaia DR3 390548351252549760,11.181443815216312,48.28432996662515,0.5116474850853595,4.3494897,
246,Gaia DR3 2061242908036996352,304.4466538791861,38.032900101431466,0.6250835571020142,4.5663805,
247,Gaia DR3 2061357944435040256,304.7397223366093,39.00415019378172,0.970654943474107,5.529575,
248,Gaia DR3 5935484313053503360,244.25388123947533,-50.06813816594715,1.2045680730475774,4.735878,5169.2983
249,Gaia DR3 3429829048565502848,89.49856114377457,25.953902795771025,0.8614699648345876,4.7625966,
250,Gaia DR3 5523539671667837952,129.4109070378244,-42.9890365785687,1.5188129478313843,4.0997505,7898.938
251,Gaia DR3 2216195157578923136,324.4800815259345,62.08192269169192,1.025146214666492,4.6535788,
252,Gaia DR3 2216536246703152256,329.1630789062305,63.6255485672108,1.0033079115530021,3.94011,
253,Gaia DR3 5337105105696383360,167.14159637803903,-61.94716725389448,0.3850633831987077,5.0380383,
254,Gaia DR3 2082600852679281408,303.40796229720166,46.74133773743381,2.916701118242992,3.2822554,
255,Gaia DR3 4094031138050641408,273.80404921555873,-20.387978918638318,0.06414678648829153,5.897889,21691.086
256,Gaia DR3 4093968702062993664,273.8037832649009,-20.72827600390888,0.8769077486837962,5.279456,25209.965
257,Gaia DR3 5969594496668629376,252.89050342811538,-41.230536548894186,0.4892604539450828,5.1687064,
258,Gaia DR3 2009856132592845568,345.0212305361792,56.94536540741404,0.2507273488845277,4.999452,
259,Gaia DR3 5540591825707339648,122.83950361494622,-39.618529839401084,2.3830674713203885,3.8102102,
260,Gaia DR3 5351595878668219776,158.8969397634595,-57.557632157144205,2.2158629550985287,3.87057,
261,Gaia DR3 5351701122540337792,156.85189911483013,-57.63878871978393,0.4975900536988298,4.483113,
262,Gaia DR3 2166348110749083520,312.2345339835501,46.11412316200807,0.543468503480708,4.673104,
263,Gaia DR3 2166846047768767488,313.95750211059317,47.41763849332711,0.3915125977927643,5.531616,15024.623
264,Gaia DR3 3112084447435446912,103.67517221765137,-1.7564895916165697,0.6283968659426167,5.725903,15001.529
265,Gaia DR3 482818271843093376,73.51254990847781,66.34270799687302,0.591571207421435,4.2128644,9997.991
266,Gaia DR3 5518235833732209536,118.3256183569648,-48.10290774132125,1.5287829356529452,4.1740985,
267,Gaia DR3 5519266900766220800,122.37211545208517,-47.3452393935982,2.6051958137295665,4.196464,20144.336
268,Gaia DR3 460787426079902208,42.378075413919476,57.08431286240424,0.43301471599118463,5.88588,
269,Gaia DR3 5423960064637139200,139.09596184932082,-44.265706988386576,1.458844801539999,4.4766154,
270,Gaia DR3 6056408567538569088,193.34118608008222,-60.328494180112266,0.44358820880757455,5.6354527,
271,Gaia DR3 6056416676437740416,192.82485850498807,-60.32979316316365,0.45344846614361173,5.5826783,
272,Gaia DR3 2084154943646648320,303.8680187380917,47.71421578458536,3.2558384788946304,3.3171265,
273,Gaia DR3 3337904172766584064,83.7051701225373,9.489575300160894,2.6736954938274646,4.3139844,18669.512
274,Gaia DR3 3337991583943473280,83.78449673650563,9.934150110721673,2.5935737953210762,3.528103,33118.273
275,Gaia DR3 1950794078794961536,325.504536145429,35.51020654986667,1.6823280885383736,4.7493505,
276,Gaia DR3 3030133379058134144,113.44982947953935,-14.523886220595731,1.3538433380226595,3.8964202,
277,Gaia DR3 3324424744330466304,98.22594198368961,7.332948162884764,1.2158885929765342,4.4379134,
278,Gaia DR3 430769040662018560,8.249996717303175,62.9317732684215,1.0644361052472915,4.118094,
279,Gaia DR3 6126469654585981952,182.08939329942342,-50.72248107334658,5.7179329578318505,2.508257,
280,Gaia DR3 2072156454306478336,297.6953252456522,37.82634476338958,1.6860421333384827,4.9091015,3610.486
281,Gaia DR3 518229693090250368,27.82050730757068,64.85494490552183,1.0323561604791651,5.546991,
282,Gaia DR3 2062313797982404608,304.230370176277,40.36506639730282,1.7177034940045777,4.6323004,
283,Gaia DR3 4069284017518384512,269.28108039836746,-23.939255578712203,0.8035367875255349,5.521332,4896.4473
284,Gaia DR3 2163949388695291136,314.95652722895505,47.520952441379954,1.4681098952118063,4.549879,41342.062
285,Gaia DR3 6576603289714416000,320.03951917378515,-45.021876149933526,1.6232277521622822,5.002563,
286,Gaia DR3 5546867769366902400,125.34587963672709,-33.05435034237457,2.5049360089584627,4.357318,
