,designation,ra,dec,parallax,phot_g_mean_mag,teff_gspphot
0,Gaia DR3 4057701830728920064,266.89007492146686,-27.830834617754377,2.8057114280856257,4.327284,6114.259
1,Gaia DR3 5032256161014732416,14.651598785584167,-29.35743084547439,4.622407535077458,4.268622,13749.596
2,Gaia DR3 5856960216266329216,193.79243031427893,-68.90679268637989,0.4555282765243759,5.746269,
3,Gaia DR3 5032743450824182016,13.981462206195905,-27.775861647035413,2.3770224828381097,5.3038716,
4,Gaia DR3 2173145463437167232,326.30164827468286,52.26757043316727,1.1986127365356338,5.5827436,
5,Gaia DR3 6375513882989561472,318.3359906316328,-70.12635078549926,2.4875099708447252,4.2036533,
6,Gaia DR3 2093931938472201600,283.62614120001314,36.89862858866195,4.235186837675473,2.922179,
7,Gaia DR3 6372582859867661568,321.06991425768445,-69.73390858039208,1.2418275721102985,5.060186,4126.6895
8,Gaia DR3 1993966437221117568,359.7523130508916,55.754909524380686,2.7418745414857484,4.983272,18756.564
9,Gaia DR3 6068501168182306304,200.56783196354394,-52.18295574530917,0.4887011039034339,5.7777057,7435.0684
10,Gaia DR3 5916444551230478848,258.5558780314747,-56.88855617768223,1.8119466369961301,4.961723,
11,Gaia DR3 5222191159719547776,136.40984566742884,-70.53845796451294,2.4705658407283346,4.599252,19763.316
12,Gaia DR3 5764614467999340032,218.86464852886613,-89.77175408887693,1.8237248592864754,5.533397,
13,Gaia DR3 6004302402223120512,229.01671390465498,-41.49117827476526,0.29684139310759067,5.064031,
14,Gaia DR3 248577867988535296,55.731412103792316,47.78739289427855,6.243474592998773,2.9823132,
15,Gaia DR3 5562479631873801984,103.61117205482938,-42.3654818618475,1.7265897770963552,5.3049045,
16,Gaia DR3 5350668303173229824,159.36272075035663,-58.73332259211821,0.467465139400594,5.2264423,
17,Gaia DR3 5350588691660896128,159.68735598577635,-59.182992968528445,2.303814526683267,4.056845,
18,Gaia DR3 5350406619413548032,160.66897013737804,-59.21574664835191,0.4715162019040973,5.271519,15104.513
19,Gaia DR3 3356702213833773440,96.36738116624356,14.721972487527895,1.354431115836823,5.129608,
20,Gaia DR3 3187058564780234496,75.35977998271439,-7.173933668400073,3.5964462551758745,4.735605,17024.984
21,Gaia DR3 3182891931108590336,77.2866079914086,-8.754093892653277,3.625643135607145,4.243453,
22,Gaia DR3 3177730441273211008,67.27885881081833,-13.048372354837484,2.1159401752589284,5.358485,
23,Gaia DR3 5958043164999014400,266.8961644868148,-40.127021345862346,1.4177487203133474,2.8666828,
24,Gaia DR3 3885781539757620736,158.04886484593,14.137379794462465,3.606995810443317,4.580366,
25,Gaia DR3 405336164170476672,25.79626750235481,48.51674892720531,0.5043822538118993,5.7553086,
26,Gaia DR3 386906188924249088,2.580228866135009,46.07226998767092,2.17818912953463,4.9088907,
27,Gaia DR3 956367725082232192,94.43742251938771,39.47386174217954,0.42668083079058716,5.881299,
28,Gaia DR3 5896989689407677056,213.31828128686928,-53.66571002628331,2.209093263092966,4.928925,
29,Gaia DR3 5927377029712024576,251.83186249199093,-58.3415373624984,0.8809217326744422,5.5253353,22457.123
30,Gaia DR3 391083714634724224,7.237479958307253,48.41368731649919,1.3053725542351213,5.639755,
31,Gaia DR3 390548351252549760,11.181443815216312,48.28432996662515,0.5116474850853595,4.3494897,
32,Gaia DR3 391403741238153728,9.791274289742324,49.35457536595513,2.112910297527087,4.8154073,
33,Gaia DR3 2061242908036996352,304.4466538791861,38.032900101431466,0.6250835571020142,4.5663805,
34,Gaia DR3 2061357944435040256,304.7397223366093,39.00415019378172,0.970654943474107,5.529575,
35,Gaia DR3 405987526029851264,25.915331575110873,50.68866947906711,5.404817058905686,4.081212,24117.078
36,Gaia DR3 3427962936819149824,89.23383158385656,24.24968210795231,0.5311144968916315,5.8762817,
37,Gaia DR3 5935484313053503360,244.25388123947533,-50.06813816594715,1.2045680730475774,4.735878,5169.2983
38,Gaia DR3 3429829048565502848,89.49856114377457,25.953902795771025,0.8614699648345876,4.7625966,
39,Gaia DR3 5523539671667837952,129.4109070378244,-42.9890365785687,1.5188129478313843,4.0997505,7898.938
40,Gaia DR3 5522979294390810752,127.36446785863285,-44.72477964173079,1.854012905405467,5.1432414,20400.906
41,Gaia DR3 1907131544341497600,333.9924535004023,37.748734832792465,4.810812222315158,3.6651716,4427.7007
42,Gaia DR3 1908095850396090880,339.81531786163464,39.050245202400795,2.1920082768196245,4.825453,24257.855
43,Gaia DR3 2216195157578923136,324.4800815259345,62.08192269169192,1.025146214666492,4.6535788,
44,Gaia DR3 5754141722822178432,130.91816693378837,-7.2337345698369715,3.4950694210988984,4.358281,5861.3027
45,Gaia DR3 5753108353691582976,126.11594397160442,-8.520090846961697,2.221641804805145,5.337485,
46,Gaia DR3 2216034525806770560,326.22196203788656,62.46056287157376,0.9978176697692773,5.833052,
47,Gaia DR3 2216536246703152256,329.1630789062305,63.6255485672108,1.0033079115530021,3.94011,
48,Gaia DR3 4565242307971897600,255.242186385951,22.631994637405437,2.2690053514225124,5.291079,
49,Gaia DR3 3127680019142800128,100.9110221263487,3.9325229975425295,0.7432684864764958,5.826806,9999.627
50,Gaia DR3 4206206750288121728,286.100673042945,-5.684848969804084,2.325737725565428,5.032084,
51,Gaia DR3 5390324079791532800,165.55780766533195,-41.114287210068966,3.0117286502098684,5.004637,
52,Gaia DR3 1207119666851399040,231.4474282905751,15.428001727890996,3.941103964307829,4.413493,
53,Gaia DR3 1211957655452987904,228.01770362563516,18.976067528873635,2.8463023469210746,4.6551247,
54,Gaia DR3 5337105105696383360,167.14159637803903,-61.94716725389448,0.3850633831987077,5.0380383,
55,Gaia DR3 2793343001564046976,7.01268028478256,17.893217438629772,6.002455748722853,3.8245497,19664.053
56,Gaia DR3 2781184739422799232,11.63717736920927,15.475287950808289,4.56624304290991,4.1993756,
57,Gaia DR3 194269037318697600,83.5708850065972,41.12339878194896,0.85755754549824,5.882695,
58,Gaia DR3 5979008205986483712,258.8302083538114,-33.54843167272129,0.9543090444610768,5.6681,17992.842
59,Gaia DR3 3490234568129160704,182.53082136956726,-22.619722010989726,10.598376382247242,2.6297014,
60,Gaia DR3 3372552842178783616,97.24075374613999,20.212076430854843,4.447477074560435,4.058969,12484.597
61,Gaia DR3 6520955322608285824,337.43921411918564,-43.74920644105509,9.155560774760122,2.9805827,
62,Gaia DR3 6518817665843312000,335.6844004512271,-45.94804349249061,6.185845810192854,3.5925784,3566.2498
63,Gaia DR3 5721585114811978752,123.3331373853723,-15.788241335550063,3.1741067245416152,4.7064776,4944.5264
64,Gaia DR3 2082600852679281408,303.40796229720166,46.74133773743381,2.916701118242992,3.2822554,
65,Gaia DR3 4094031138050641408,273.80404921555873,-20.387978918638318,0.06414678648829153,5.897889,21691.086
66,Gaia DR3 4093968702062993664,273.8037832649009,-20.72827600390888,0.8769077486837962,5.279456,25209.965
67,Gaia DR3 5578428769590816256,106.30743138988971,-35.939812723031494,3.626637599142619,4.7136865,
68,Gaia DR3 5579392388451841152,102.71815035084332,-34.36731333609148,3.6370145070713833,4.5753856,
69,Gaia DR3 1719746210020006656,182.74908301504254,81.70981839222675,1.7267315195022854,5.406289,
70,Gaia DR3 1707279775385990016,232.8529108322273,77.34939574430686,4.079783117585535,4.374761,5041.6763
71,Gaia DR3 1733281541754737024,316.14444029508445,5.5028676953966045,2.663458085991987,4.9842887,4270.3726
72,Gaia DR3 1714135092946125184,212.2115570054954,77.54765793580734,4.317974600782231,4.3238397,4483.25
73,Gaia DR3 5969594496668629376,252.89050342811538,-41.230536548894186,0.4892604539450828,5.1687064,
74,Gaia DR3 2009856132592845568,345.0212305361792,56.94536540741404,0.2507273488845277,4.999452,
75,Gaia DR3 2235649675799721088,298.98066958686695,58.84587532961797,3.667973915666497,4.3607206,
76,Gaia DR3 5540591825707339648,122.83950361494622,-39.618529839401084,2.3830674713203885,3.8102102,
77,Gaia DR3 2010848922869467008,350.6356117205665,60.13348089811874,2.1568998405838333,4.90236,
78,Gaia DR3 5257592479224706176,149.51991330645797,-58.86115458326822,2.8824787677975467,4.818587,
79,Gaia DR3 5971244451311982336,253.08386981981704,-38.017636551986286,5.663246363273698,3.542674,22974.4
80,Gaia DR3 6634378296431076864,275.8068056500598,-61.49387210102472,4.404127694088305,3.7995434,4286.033
81,Gaia DR3 429481924861315584,0.4042171929551975,61.22279997745116,1.3825004403231975,5.453592,7014.4175
82,Gaia DR3 5828952940687722496,243.85949430582085,-63.68574245974316,4.576631535207849,3.5603364,
83,Gaia DR3 1415230383034813824,262.6080575941285,52.301443329615346,8.919816494942994,2.5482864,
84,Gaia DR3 6860553954296642176,304.8483748646458,-19.11857349679107,3.444795969592617,4.824424,
85,Gaia DR3 5351595878668219776,158.8969397634595,-57.557632157144205,2.2158629550985287,3.87057,
86,Gaia DR3 5351701122540337792,156.85189911483013,-57.63878871978393,0.4975900536988298,4.483113,
87,Gaia DR3 5557271829408912896,99.4402993342767,-43.19595283798712,8.819388529207934,3.1752331,
88,Gaia DR3 2166348110749083520,312.2345339835501,46.11412316200807,0.543468503480708,4.673104,
89,Gaia DR3 4576646442581655040,271.50785870747734,22.218845094748822,5.545070932819421,3.955155,
90,Gaia DR3 2166846047768767488,313.95750211059317,47.41763849332711,0.3915125977927643,5.531616,15024.623
91,Gaia DR3 3112084447435446912,103.67517221765137,-1.7564895916165697,0.6283968659426167,5.725903,15001.529
92,Gaia DR3 3318108290544104960,91.24316966632924,4.158649114570995,2.134006789449511,5.3518066,
93,Gaia DR3 483958671558728576,72.80558007151767,68.16877633684513,1.663063959759652,5.2671757,
94,Gaia DR3 482818271843093376,73.51254990847781,66.34270799687302,0.591571207421435,4.2128644,9997.991
95,Gaia DR3 5518235833732209536,118.3256183569648,-48.10290774132125,1.5287829356529452,4.1740985,
96,Gaia DR3 5519266900766220800,122.37211545208517,-47.3452393935982,2.6051958137295665,4.196464,20144.336
97,Gaia DR3 461063747095295744,44.95301250796616,57.66323651445162,0.4084418298669744,5.9605613,
98,Gaia DR3 460787426079902208,42.378075413919476,57.08431286240424,0.43301471599118463,5.88588,
99,Gaia DR3 5423960064637139200,139.09596184932082,-44.265706988386576,1.458844801539999,4.4766154,
100,Gaia DR3 5423801425726635264,139.01675894676313,-44.89869836231323,0.5431248823747885,5.9414463,6972.715
101,Gaia DR3 6056404410020246400,193.4537858386336,-60.37624599533585,0.5060779399722,5.883005,
102,Gaia DR3 5506374096132016512,114.57584255203928,-48.60140948568053,1.2142443576662512,5.465354,
103,Gaia DR3 6056408567538569088,193.34118608008222,-60.328494180112266,0.44358820880757455,5.6354527,
104,Gaia DR3 6056416676437740416,192.82485850498807,-60.32979316316365,0.45344846614361173,5.5826783,
105,Gaia DR3 5504850447891220992,105.21436937243438,-51.402496442687614,4.3904550603083,4.2988853,
106,Gaia DR3 5235260294227819904,169.32950259029903,-67.82354741370285,2.1452621446176026,5.066885,5138.385
107,Gaia DR3 5114760146310175488,56.53581852874381,-12.101324281489884,6.3942979251323235,3.6505644,
108,Gaia DR3 6828125061423674752,321.66677580627606,-22.411214998498547,7.371114494156851,3.5300386,5146.4785
109,Gaia DR3 2083947891862120192,307.5148220122709,48.951597370765676,2.545860171461429,4.894649,
110,Gaia DR3 6830611400810571648,324.27018611632684,-19.46600901109967,3.677716545648635,4.4908075,
111,Gaia DR3 2084154943646648320,303.8680187380917,47.71421578458536,3.2558384788946304,3.3171265,
112,Gaia DR3 4596693872444055680,269.6256162368908,30.189291231004724,4.747657078603249,4.2779837,
113,Gaia DR3 3337904172766584064,83.7051701225373,9.489575300160894,2.6736954938274646,4.3139844,18669.512
114,Gaia DR3 3337991583943473280,83.78449673650563,9.934150110721673,2.5935737953210762,3.528103,33118.273
115,Gaia DR3 3101768554465447936,105.72822063907358,-4.239222040833818,2.616731858604434,4.9240804,18360.582
116,Gaia DR3 3101848784453850240,105.52804631763978,-3.754836072279441,0.9236550530716761,5.7416806,
117,Gaia DR3 3101299681479856128,105.4848645988367,-5.722032644277467,3.6784878079862944,4.417954,
118,Gaia DR3 3101342493713377152,106.02184264041104,-5.323984650671346,1.99537029318115,5.264415,
119,Gaia DR3 1950794078794961536,325.504536145429,35.51020654986667,1.6823280885383736,4.7493505,
120,Gaia DR3 1186417202929896960,221.52437843000473,15.131856044868343,5.108426808605989,3.8274627,
121,Gaia DR3 1195189725172268288,234.11741103621924,15.101475443102268,4.56284659121894,4.2511034,
122,Gaia DR3 3030133379058134144,113.44982947953935,-14.523886220595731,1.3538433380226595,3.8964202,
123,Gaia DR3 6724849549165414144,273.3028979694992,-41.33613793693227,1.7423004885572884,5.4190316,15470.9
124,Gaia DR3 3324424744330466304,98.22594198368961,7.332948162884764,1.2158885929765342,4.4379134,
125,Gaia DR3 2047135280516690944,296.1590716322537,34.414174482803865,2.639601169311785,5.0723734,
126,Gaia DR3 5239828735016184448,160.7389810431919,-64.39440583205966,7.6371045121724,2.7347076,
127,Gaia DR3 430769040662018560,8.249996717303175,62.9317732684215,1.0644361052472915,4.118094,
128,Gaia DR3 430464235421496320,5.181499159084898,61.87959361121511,0.8648658382209109,5.781147,4751.5605
129,Gaia DR3 973871911539040000,112.04839420528022,45.99060121856347,2.80682194970618,4.755148,
130,Gaia DR3 6126469654585981952,182.08939329942342,-50.72248107334658,5.7179329578318505,2.508257,
131,Gaia DR3 2072156454306478336,297.6953252456522,37.82634476338958,1.6860421333384827,4.9091015,3610.486
132,Gaia DR3 518229693090250368,27.82050730757068,64.85494490552183,1.0323561604791651,5.546991,
133,Gaia DR3 6136971811686894720,201.7337634763123,-41.497556651195175,2.3846426498290514,5.193455,4374.818
134,Gaia DR3 4069469560083491712,270.47658986761815,-22.78030149600625,1.3357220378316246,5.69473,17366.402
135,Gaia DR3 2062313797982404608,304.230370176277,40.36506639730282,1.7177034940045777,4.6323004,
136,Gaia DR3 4069284017518384512,269.28108039836746,-23.939255578712203,0.8035367875255349,5.521332,4896.4473
137,Gaia DR3 3296627028792695168,73.13318318973232,14.250398248921895,5.812463129775632,3.52523,
138,Gaia DR3 2163949388695291136,314.95652722895505,47.520952441379954,1.4681098952118063,4.549879,41342.062
139,Gaia DR3 294734094804790400,19.020928530581568,25.769353670465282,1.5642754809546353,5.483652,
140,Gaia DR3 5294162167215764992,119.21224209038661,-59.12572297229074,2.2993396198838605,5.313545,
141,Gaia DR3 6576603289714416000,320.03951917378515,-45.021876149933526,1.6232277521622822,5.002563,
142,Gaia DR3 5295639013192061184,117.27796503528849,-56.41030642209611,2.4426016305842495,5.244121,
143,Gaia DR3 125903706403870976,49.68262455972324,34.222617549318464,2.8434948308134884,4.3523316,
144,Gaia DR3 5546867769366902400,125.34587963672709,-33.05435034237457,2.5049360089584627,4.357318,
145,Gaia DR3 5859405805013401984,184.39008382548533,-67.96085330413052,9.991496143923554,2.7034264,
146,Gaia DR3 4727337637895749888,48.138321457658044,-57.32148837931147,2.1714042530111555,4.5381293,
147,Gaia DR3 3992011061833780096,168.80082789260484,23.095482313567242,4.293597282985172,3.6306431,
148,Gaia DR3 6875990375999580544,305.2529803545091,-14.781406001156812,8.396575006308046,2.8368742,
149,Gaia DR3 1879572044868061952,333.0337722826177,24.9506534836582,1.7703579061627501,5.4400015,
150,Gaia DR3 2060190022592875520,299.97998599019235,37.04288445584435,2.442993505032221,5.164696,
151,Gaia DR3 5892368991819163136,215.08135204528145,-56.38652901387441,2.251065262457423,4.271601,
152,Gaia DR3 2205660290000075392,331.2866087282461,62.27980115248062,1.0221496763735376,5.0328045,
153,Gaia DR3 2206444069986109312,336.77212075928355,65.13225307789213,0.9686217845511726,5.390585,
154,Gaia DR3 5253347574087339776,154.27049434677835,-61.3322788093693,4.304645225574549,2.8710227,
155,Gaia DR3 5350316115858844800,162.0224611851894,-59.91914959115569,0.3619605308097059,5.8987913,
156,Gaia DR3 5350343775447416704,161.46100951544017,-59.48869399854896,0.6020087975465086,5.9252625,3566.1519
157,Gaia DR3 6005678131793146752,230.34292059535883,-40.64760760160889,6.729571945649031,3.2144635,
158,Gaia DR3 181259753177437568,80.00383649956103,33.958038947874506,0.8596301020312545,4.9333158,
159,Gaia DR3 5333358794709001216,175.87991025983249,-62.48939051370723,0.15368523710807233,4.791573,
160,Gaia DR3 6060572727302161920,193.9880084370721,-56.83581050132701,0.7575637726123303,5.3158255,17075.568
161,Gaia DR3 4053228261586904704,275.3807084764469,-24.915285940424056,3.2526458458318506,4.53661,
162,Gaia DR3 6444391655040244992,300.4366214992657,-59.37600436673482,5.910175014550325,3.137527,
163,Gaia DR3 5351420437845776256,158.19914933244925,-58.6667327427971,0.41050312076764134,5.885478,
164,Gaia DR3 2630576144911349248,349.2121666360522,-7.7265601174932055,6.161173380222363,3.7154613,
165,Gaia DR3 454491381981202944,42.67433778950114,55.89543428763181,3.265744722465881,3.1448548,
166,Gaia DR3 4263490687602407936,291.6295360769325,0.33856060777582986,0.8751597416504627,4.460513,
167,Gaia DR3 4107204421271171968,281.6805173135654,-10.125059233610953,0.8563682511668724,5.498168,
168,Gaia DR3 5250032958818831360,146.31159319122628,-62.50786736246062,1.9841691082382484,3.4711742,5488.411
169,Gaia DR3 2203889767044993920,326.36215544560565,61.12079660682435,0.9320880212508735,4.121482,
170,Gaia DR3 2204074897315357184,328.83578740130434,61.54180023805437,1.068280778744604,5.609531,
171,Gaia DR3 2204429730329252736,329.72312591931814,62.69805388675651,2.8387716401409926,4.8852158,
172,Gaia DR3 2099679223187100800,288.4395266225376,39.14595982166891,2.910665153856131,4.358041,14083.148
173,Gaia DR3 2099385000742174592,289.09203952219247,38.13376032883556,4.200507326242494,3.9654982,
174,Gaia DR3 2098074279806975488,279.5270174902829,39.66836302692522,2.398640514974727,4.2299094,3542.9114
175,Gaia DR3 699870869414974336,137.66159865872208,30.96298610131605,6.649020218077174,3.36875,3541.0562
176,Gaia DR3 2199161386015469312,330.51902664934903,58.00035221519391,0.9070475104162397,5.4814396,24865.842
177,Gaia DR3 2198963817515042560,328.7214436400705,56.61121466997967,0.9126422830345406,5.4985867,
178,Gaia DR3 3326740865570982400,100.24441664679023,9.895739133621289,-1.3292349046808456,4.543516,26003.506
179,Gaia DR3 1756079606122005248,309.68329079550284,13.315126906300648,1.686480134145309,5.1908336,
180,Gaia DR3 4052359028870465280,274.51332544558403,-27.042662162406675,4.486032435930584,3.9981618,4499.012
181,Gaia DR3 470456462615652864,61.11314961992613,59.15551363797133,1.5557644695113364,4.8538966,7166.9014
182,Gaia DR3 5583216215017531648,102.46019909902277,-32.508458997835874,4.830039669869132,3.4911032,35000.406
183,Gaia DR3 5584343695472423296,101.1185958829079,-31.070506985647015,1.6454048557314496,5.071308,35151.76
184,Gaia DR3 2106630885454013184,283.83388403904866,43.946451132674866,10.440410406499382,2.3616831,
185,Gaia DR3 4225681162758186240,309.1818533039196,-2.550023156942345,4.082471093416612,4.2557206,4319.874
186,Gaia DR3 5354994812705906432,155.2282184580675,-56.043213855508675,2.26921620142227,4.4914026,12705.214
187,Gaia DR3 3435571660360952704,97.1420315646441,30.49297626134697,1.815289104200057,5.3362513,5470.423
188,Gaia DR3 200929706966014976,75.6195856403002,41.075746103013174,1.4243804312657276,3.1632786,
189,Gaia DR3 5328070556069468416,130.91778483683606,-49.822782443457584,1.7815471522030992,5.0899634,27175.402
190,Gaia DR3 5927991553645932672,247.43840566894576,-57.756335661364126,1.0264400893808245,5.588239,
191,Gaia DR3 2946055236704251520,102.59065682091439,-17.084563212293183,1.3355916950949382,5.265003,
192,Gaia DR3 4389237503121158016,261.6286762232637,4.140389425891086,3.7578238107583117,3.818025,
193,Gaia DR3 2362083445587361152,5.44309657449073,-20.058076322931655,3.9693822420035465,3.9033446,
194,Gaia DR3 2100382189073830528,287.0549487443183,39.154894916842885,1.8021007275379037,5.494231,
195,Gaia DR3 4679407039823519232,60.22421880153906,-62.15912698096752,7.0246822459750184,3.346067,
196,Gaia DR3 4679700059672168960,59.68654043977156,-61.400248435410774,6.038161508490298,3.804274,
197,Gaia DR3 3197763169471183488,68.54834917659933,-8.231333153608327,4.219951406179517,4.292685,
198,Gaia DR3 3204884534485995264,69.07976184342182,-3.3524812188642006,4.796093565731364,3.9139285,19953.574
199,Gaia DR3 3207534529304666240,79.40154704838251,-6.844450161811125,6.014663648195368,3.5883799,
200,Gaia DR3 2769202742740232960,3.3089703843753013,15.183550741446307,6.947422027434692,2.8534293,37078.758
201,Gaia DR3 394372452695158656,4.224711814269569,49.461891615139216,1.7140716685860575,5.547027,
202,Gaia DR3 2165218431286782336,316.6504293946806,47.64839511124905,2.5324349196351528,3.9655983,
203,Gaia DR3 1696877570753454208,230.1818712785812,71.83410165777194,6.595867221744522,3.0218675,
204,Gaia DR3 4082115215112774272,287.440967928891,-21.02377872569698,6.241001258151316,2.803014,
205,Gaia DR3 970675154497903616,96.2245887330116,49.28788253332824,0.4425656919727949,4.122197,
206,Gaia DR3 5617678822143017088,109.66823156630946,-24.55868316646098,0.8549491665900713,4.9880133,23133.97
207,Gaia DR3 5337891256535666176,167.1474026341081,-58.97503165727452,0.22275528413050544,3.557437,
208,Gaia DR3 2090687795056051328,282.5199906501613,33.362650393309416,3.598248453237108,3.6048782,17700.201
209,Gaia DR3 5338040205991255296,165.7755724996937,-60.91072029508195,0.4503928748390512,5.4932246,
210,Gaia DR3 5663852920326093952,147.76554057323145,-23.01734599116701,2.1991402256019015,5.31388,
211,Gaia DR3 5589411172768195840,109.5765819812565,-36.73392598793727,3.4962371365090803,4.5831995,29367.816
212,Gaia DR3 5589311357728452608,109.28559423278779,-37.097444485279574,5.762063161817684,2.0832374,
213,Gaia DR3 4075705783885296640,283.5424275644015,-22.74487557817089,1.838721922641737,4.383552,
214,Gaia DR3 6055103928246312960,190.70931703328822,-63.05864217078729,2.282573124548697,5.1368504,35305.316
215,Gaia DR3 5255870712734219648,150.70578586443781,-62.156650706359166,0.8502895677207662,5.756836,
216,Gaia DR3 511974502720839040,28.599188504594277,63.670018347664225,7.003721351367755,3.3546658,14805.9375
217,Gaia DR3 4253279591914590208,282.4206533847516,-5.912916090741349,1.642538365689076,5.375897,
218,Gaia DR3 5411300287757211392,147.91928896802708,-46.54757644891731,3.6856944489950463,4.243141,4761.5093
219,Gaia DR3 757565233820538752,169.61959969105789,33.0944300347131,7.982310491470233,3.0204449,
220,Gaia DR3 1893506774202354688,330.9980390630522,28.348383355951718,4.0416998167756075,4.6001306,
221,Gaia DR3 2949326146358060416,104.02768626148816,-14.043402533581608,3.421917408379425,4.5929117,
222,Gaia DR3 2950869585804006656,99.8196865986581,-14.145791459248672,3.1086159925314516,4.315678,4449.45
223,Gaia DR3 6721796892548701824,277.98425777988456,-43.50742003014504,2.1537866888502335,5.2776914,
224,Gaia DR3 6708630687480489088,278.008111118277,-45.757427171277996,2.8860575714251895,5.0347204,13297.376
225,Gaia DR3 1981881498752967552,337.6219050631292,43.12335183197827,2.8367437559674373,4.477451,
226,Gaia DR3 719103698606421888,136.6322124987915,38.452148473031684,4.62534777979512,4.284234,
227,Gaia DR3 704966173799961728,133.1190418796809,28.25912715148647,2.5591833091411496,5.22698,
228,Gaia DR3 5522096008597568000,130.48708723542606,-45.410691833782316,0.5990418486351304,5.1157784,
229,Gaia DR3 1952830855365548416,325.8179975970035,38.01746818250946,1.4922730676588327,5.485532,
230,Gaia DR3 5602287587814648448,117.0214852776532,-25.937148677856843,3.010958339278482,4.4038,40875.41
231,Gaia DR3 5233836018668907776,177.48579098512604,-70.22579282621119,2.110078822412644,4.519953,4696.346
232,Gaia DR3 273895291446188288,68.00769054760464,53.91082090210578,1.26300967421916,5.712364,
233,Gaia DR3 6063901120782965248,200.20138533927417,-55.80067369732114,0.5828256659865927,5.9278755,
234,Gaia DR3 4337352305320149760,249.28979755823173,-10.566976077121021,7.408845727983025,2.5565956,
235,Gaia DR3 1790986901279212672,322.24922183429834,22.17946444726852,3.912093489354942,4.308809,
236,Gaia DR3 2191787957952122752,322.7470323367297,60.45941517719424,1.1477346698880844,5.4582033,
237,Gaia DR3 2192289403968737280,318.19683965966686,60.097985177078016,0.9286426444269665,4.9458847,
238,Gaia DR3 5998976093037660416,232.35107809874762,-46.73273050452892,1.518635209339361,4.54036,
239,Gaia DR3 4253353396643672448,281.87042625785995,-5.7052938901762165,2.535091201274739,5.0577374,4559.4272
240,Gaia DR3 3017187866581304832,83.76118125097135,-6.002022626826358,2.61658822599261,4.7164865,23082.492
241,Gaia DR3 3017190546641718144,83.85826322361507,-5.909896048091421,1.9968658285610956,2.7408419,35000.023
242,Gaia DR3 3017360936587007616,83.84542669572079,-5.41605398038709,2.972799901742141,5.0018144,17766.283
243,Gaia DR3 3017364063330718080,83.81861966629604,-5.389696084726389,2.5014467640373406,4.9609604,
244,Gaia DR3 3016424530632449280,82.98274667917148,-7.301559457042783,2.456718407704508,4.5462146,26322.242
245,Gaia DR3 3019723202955454976,92.96587861440409,-6.5502872703022685,3.0733812543831567,5.0085034,17123.725
246,Gaia DR3 3019816764523863552,93.71386334648815,-6.2748597203681555,5.10558442089515,3.5708857,
247,Gaia DR3 3018473985946121344,91.05623438393785,-6.708935396643305,2.000429776963327,5.1875916,30333.94
248,Gaia DR3 1505343882144388864,211.98238473495357,43.85431544066182,6.011020313112767,3.792248,
249,Gaia DR3 4084834822776246272,284.43266047869355,-21.106717827235787,8.40922893943697,3.1887186,
250,Gaia DR3 4085003803955277056,284.33531508337774,-20.656374831395876,1.4685110876291065,4.98283,
251,Gaia DR3 5537733610870346880,118.16097771908365,-38.86279730944278,4.13686381570797,4.436491,15253.823
252,Gaia DR3 5471274386434218496,158.5036315906958,-23.745073187041516,3.720965095993002,4.4129257,
253,Gaia DR3 5610257226031514240,108.70266722509879,-26.772631515854002,3.56103260416884,3.9829917,
254,Gaia DR3 5610288149803056896,108.5633486897137,-26.35248705694927,2.2693980414951946,4.5140247,13678.615
255,Gaia DR3 5610441600394646016,105.42975475577698,-27.934808608833123,2.508532778196012,2.7605493,
256,Gaia DR3 1974207319925666944,325.5348020238103,45.76560685251694,4.1486371108986475,4.5705543,
257,Gaia DR3 427499264872921472,12.81824376728299,61.80548436216646,0.9903087883110576,5.1906443,
258,Gaia DR3 6054416870941383296,183.09153197898877,-62.950775319533165,0.48741536639302774,5.8313837,
259,Gaia DR3 3070413334696277248,122.14845610026155,-2.9838010657739247,3.245003372447236,4.10911,
260,Gaia DR3 1993001306528852608,354.7559417735167,52.26245633905297,1.1782643098680055,5.7443867,
261,Gaia DR3 4528147293916651776,272.1895398368398,20.814527882285596,2.8035935346765757,4.334155,
262,Gaia DR3 5917537534527580160,254.65491303478962,-55.99029939641002,5.772484443283007,2.5107856,
263,Gaia DR3 5336114548828274560,172.95327032994066,-59.51564214893272,0.46654239473766135,4.959113,
264,Gaia DR3 1144716265942885888,144.27155032517524,81.32630730588205,3.5422715513901784,3.785223,
265,Gaia DR3 1150070921929098368,90.33524817449982,85.18210893845733,1.6293728031631947,5.5932407,
266,Gaia DR3 5331441693076149248,132.44841666212642,-45.30781062927286,2.5925273209804196,4.899496,
267,Gaia DR3 5330765974462198784,137.768289864662,-44.86788305060216,0.5934892999260477,4.876352,
268,Gaia DR3 5638274087975114240,140.37322938902815,-25.96548414793062,5.09599661998765,3.9153724,
269,Gaia DR3 5875879684681370624,229.7047355591172,-60.49634901289514,1.209117049707579,5.378384,19477.56
270,Gaia DR3 3850353866361434368,148.42883746459233,5.958582014531934,2.947415027202135,4.996836,5108.756
271,Gaia DR3 3870025847369674624,158.2027646952496,9.306570149631488,1.5912719917828275,3.8256657,
272,Gaia DR3 5711199471578643200,119.21462935159946,-22.880091781615068,5.680558604171129,4.0176034,
273,Gaia DR3 5919031976948947328,265.8288866542296,-57.72399745322101,1.7925406218099336,5.164734,
274,Gaia DR3 521775545064975232,29.132032648127876,70.20378671458117,1.0086559188678637,5.774379,
275,Gaia DR3 5933236189779815936,242.04514177649884,-53.07896036884446,0.7271843142182893,5.9018135,
276,Gaia DR3 650828355848334080,126.68299510475792,12.654147928033563,3.557497838975876,4.4691615,
277,Gaia DR3 4289149337626681728,292.54390371441406,2.9040693655961323,1.6880028938366798,5.1534834,
278,Gaia DR3 6456322112116572160,313.70266376090893,-58.45425431237613,5.6425572191622555,3.3229845,
279,Gaia DR3 3045373881522901632,107.01428842381642,-11.92326566608148,1.452718029239755,5.500237,
280,Gaia DR3 948592288087009792,111.03525758000454,40.67229542012797,3.217504194825833,4.863514,
281,Gaia DR3 534889699426804224,19.049567800099847,71.74384831639996,1.3148305294394604,4.952493,
282,Gaia DR3 2026641620708032640,298.00664191932043,24.992142161765695,0.656628972876284,5.307211,7592.4062
283,Gaia DR3 5957938608303888896,267.5463147469851,-40.090441230775156,0.8147793941012971,4.686216,
284,Gaia DR3 5016138145186249088,21.74200942573645,-32.5433145127799,2.5437293679100224,4.81754,
285,Gaia DR3 5538726710386348160,116.85408208473477,-38.511120174109486,2.705285084453864,5.0256133,
286,Gaia DR3 5538814190283894656,116.31367447237092,-37.96856044058731,2.9459649267338475,2.875049,
287,Gaia DR3 6728828406847450752,281.23819118927435,-39.68621619099366,2.680624968914937,5.1004233,5728.0625
288,Gaia DR3 5875491419647525248,229.2370288887423,-60.95727228042711,1.4344519433007137,5.008418,
289,Gaia DR3 3944674165681089408,196.59431417449855,22.61599168502199,5.463361637457651,4.0514774,
290,Gaia DR3 2057760376738256384,307.74678431928237,36.93582257735519,0.7690453598454104,5.8797417,
291,Gaia DR3 3221269181884277504,80.44061364362146,-0.3824599223200895,2.8587254462644163,4.6692405,
292,Gaia DR3 3217232836041932800,83.17230440543284,-1.591839295405641,2.350984017754958,5.30375,19456.486
293,Gaia DR3 3217460301806796032,85.21130809171673,-1.128791214877708,2.6348807057303674,4.8950934,
294,Gaia DR3 3217626018825418752,83.38102221746291,-1.1560773274582599,2.265446051419734,5.3096147,18265.918
295,Gaia DR3 3222282691086558464,81.18678542582163,1.846446899728481,2.9321394722522793,4.6411395,40070.098
296,Gaia DR3 3360882763199831424,105.06592052769187,16.07897910095371,0.7208925522646366,5.0911365,
297,Gaia DR3 3360932275582488192,105.63864267807745,16.674410370517194,1.901837510333822,5.044696,
298,Gaia DR3 3360277997443303424,108.34287487123926,16.158780011535235,5.030954301355951,3.8033657,
299,Gaia DR3 5336490478704008960,172.94191336266627,-59.44205356300341,0.3253749176989074,4.723902,
300,Gaia DR3 2688565247153686272,323.67825895244374,1.8291168616511493,3.324585215309954,4.8618784,
301,Gaia DR3 2689988839833890304,316.88695750347756,-0.1638897852759417,2.151333130238483,5.297482,
302,Gaia DR3 5501722543467500032,101.47379563901568,-52.40964990548453,1.9394625923208997,5.270896,
303,Gaia DR3 5499415974230271488,92.57458961026852,-54.96860694005012,2.1502738856897965,4.720275,9999.556
304,Gaia DR3 5501284972198817536,98.74402761716749,-52.97556197948061,1.923474381363655,4.3258247,
305,Gaia DR3 2931284534938925696,109.757990163232,-19.28028939771427,0.34495709249705986,5.8939514,7867.955
306,Gaia DR3 2123558588515416320,275.3859333049117,49.1218190294722,4.908845924800492,4.1651783,
307,Gaia DR3 1860951540586100864,307.3489295465808,30.368551229652493,3.043810143226041,3.9099448,
308,Gaia DR3 168726523212358272,58.53304404662457,31.88359461391294,3.855550617532855,2.8219895,28444.018
309,Gaia DR3 5199386085968886528,158.86625302656304,-78.60773860956509,7.351357354280559,3.42169,4331.0063
310,Gaia DR3 3463822649562256256,177.16337671844383,-35.98695542387617,4.705486688255529,4.156404,
311,Gaia DR3 3462933174719143424,183.30373111064853,-34.12524892777133,2.28673303353652,4.426598,
312,Gaia DR3 2501083018375563776,35.485896695153116,0.3956388210178185,3.844329378307878,4.452819,21074.611
313,Gaia DR3 2481138392843715968,25.68125473603141,-3.690348112173282,3.0982528120293344,4.582967,
314,Gaia DR3 2498783458525988992,39.87071163754866,0.32849665438570363,5.131223416873837,4.0573735,18232.355
315,Gaia DR3 2015270437079448448,349.84902843575185,62.73976670471046,0.9987950383024217,5.377756,
316,Gaia DR3 5886622703508749440,227.81656606742993,-55.34606754654793,1.4445752501991762,5.117611,
317,Gaia DR3 3910931906171050496,174.61500941480676,8.134319768971904,5.564573996321011,3.9069722,
318,Gaia DR3 418001477279154304,9.24298360611852,53.89686812148113,6.665665800676212,3.664362,16856.543
319,Gaia DR3 6662929658466129920,286.74254042746605,-45.9704577089873,0.491363662179527,5.6403155,3757.8132
320,Gaia DR3 5846780078616570752,216.2762682504734,-68.19535117374981,1.0936742084101216,5.40648,7294.1333
321,Gaia DR3 4096107909387492992,275.3457607415589,-18.860034027348057,1.9748058176899155,5.4751625,5371.7217
322,Gaia DR3 5158832592439126272,41.98299452292189,-12.460853543737004,3.046604729500953,4.8683524,15998.707
323,Gaia DR3 5926655956260736640,257.91124326574663,-48.87341861182126,2.244393531811136,4.8164563,
324,Gaia DR3 3214077516844988800,81.11923705133687,-2.3971524975189644,1.5783049215332816,3.6153696,18608.2
325,Gaia DR3 5940954177259978880,250.3350819050462,-48.762999834907106,0.6933705844626059,5.601677,7417.8877
326,Gaia DR3 5364900106787969536,158.23676434728523,-47.00332685608697,2.9654999687984764,4.7134137,
327,Gaia DR3 5365315790907090944,155.0695882731303,-47.69907220034903,1.2399176682790156,4.978791,
328,Gaia DR3 5520409190267731584,121.6680441556766,-45.265964020239466,1.962756019139181,4.550747,
329,Gaia DR3 5517171678276669696,119.56012476254185,-49.2448713266434,2.72072800036969,4.4602137,18917.285
330,Gaia DR3 5517239366958299776,118.2650856736453,-49.61297718879144,4.084498273173237,4.572828,22431.076
331,Gaia DR3 2934094096385049728,104.0342526530782,-17.05422445391176,0.945272122756345,4.3546667,
332,Gaia DR3 3344466195602497536,92.98499231311342,14.208678690697223,4.523465802386487,4.3984027,14519.368
333,Gaia DR3 205499655242974464,75.49223197537926,43.823296688371194,0.9878818319946335,2.847648,
334,Gaia DR3 2289510386756671872,290.39787119266987,76.5595979361358,2.1293786022360184,4.8730974,
335,Gaia DR3 2129061678575412480,293.42337490541445,49.26226611867295,2.741387252580016,4.75964,
336,Gaia DR3 5778842011026728704,245.08645354299293,-78.69591351848779,5.250752722687099,3.3667247,
337,Gaia DR3 2896572746685604480,95.07833734068376,-30.06334878363528,9.49220621127137,3.0076509,
338,Gaia DR3 2901155648586891648,86.4995797980886,-32.306532522642556,1.7024424209158613,5.1061826,29239.41
339,Gaia DR3 2900546759663847168,84.91226376039107,-34.07421247244894,11.400786448797566,2.6532035,
340,Gaia DR3 285049252792128512,75.85449600717394,60.442181536184144,3.88000181288587,3.7896965,
341,Gaia DR3 285884228793937280,80.09418103434714,62.653700804096495,1.9726233726978353,4.9249687,
342,Gaia DR3 287221784689921280,82.54245856664122,63.06719805922208,3.0424006926174907,4.6065855,
343,Gaia DR3 1963714268134133120,321.44597546549136,36.66734285465202,0.4642402239671806,5.8740473,
344,Gaia DR3 1963756118296155776,321.8390369575413,37.11680489358955,2.461536400055409,5.2664814,
345,Gaia DR3 4054618559611164288,263.6770643830179,-32.581668948056866,1.1665960545745782,5.710343,
346,Gaia DR3 1279618955326351488,220.85561001435758,26.527782631360317,5.512445131360102,3.841982,
347,Gaia DR3 1279798794197267072,221.24648617076684,27.074315757773466,13.82667260913517,2.1833525,
348,Gaia DR3 3098523380258573952,101.90506561465706,-8.99849728806019,1.1020488653002771,4.173226,
349,Gaia DR3 340647020322856192,41.02151448594689,44.29701159652296,2.3510596491815274,5.1839004,
350,Gaia DR3 2428589330539122304,1.1254682646720602,-10.509574730675123,1.6457113850349974,4.390705,4309.2466
351,Gaia DR3 2442861747380543104,0.4902909138850841,-6.0142504274104995,7.875848526808842,3.2927852,
352,Gaia DR3 2162604441146179840,315.60079529434756,44.79095900849761,2.6128747591705332,4.950846,3672.4868
353,Gaia DR3 6884392672053507712,318.93695277712925,-15.171482387865588,4.631565300635339,4.2773185,
354,Gaia DR3 216718178536050176,56.07975605974174,32.28820323631351,3.0223525151861725,3.842228,
355,Gaia DR3 218170461600456576,55.59437438043597,33.9650048392213,2.7034191171313355,4.9175944,19605.092
356,Gaia DR3 219375904303684224,59.74126438868437,35.7910420686924,2.445698847170818,3.9748838,21759.475
357,Gaia DR3 5255378028454342272,156.96958728792242,-58.73939589190718,2.111081211869636,3.75138,
358,Gaia DR3 2022245532721403776,289.43181874564004,23.02550989420483,1.8211744156391885,5.44591,
359,Gaia DR3 1824534959611831680,296.84697410021977,18.53431498544213,5.967380825829624,2.8368227,
360,Gaia DR3 5337812675807363072,168.37819991116555,-59.61932033896806,1.2402064787814329,5.6983724,16738.012
361,Gaia DR3 5337672556798367360,168.1499985796962,-60.31761731733319,0.3931956453938817,4.431382,
362,Gaia DR3 5799008222524417408,228.5799492166758,-70.07951325995495,2.8588468729259113,4.253746,
363,Gaia DR3 1830575779527121664,303.8760081511615,23.508870730159472,2.187163019153532,4.891197,4801.492
364,Gaia DR3 3423506272593153152,92.38512277640868,22.19024777908915,1.781102997043532,5.277522,
365,Gaia DR3 448103803535751680,48.94986322883467,57.14061875687593,1.063686131941785,5.5315356,7264.573
366,Gaia DR3 450113435913489792,52.478079028412495,58.878746215239254,0.9302612032005914,4.3358145,
367,Gaia DR3 5614471482318442240,117.32353878305732,-24.859795343600315,3.0058993777046874,3.0238004,
368,Gaia DR3 5614635756227464320,116.1423524142538,-24.674055090387718,1.685698775001117,5.5724154,
369,Gaia DR3 1938979585834537728,356.508583760975,46.42024226971481,1.6351798438682124,4.65064,
370,Gaia DR3 5476519400501003008,92.81217344502588,-65.5888880291647,4.531160165833945,4.080623,
371,Gaia DR3 2178396937123250432,324.7400515490634,57.48901836733052,1.3603796286644467,5.612378,17889.445
372,Gaia DR3 3626724299468272384,193.58807912583163,-9.539057096452607,5.020505456961538,3.7855816,
373,Gaia DR3 1561883759343666304,205.18432046217268,54.6815877644277,5.59626428384964,3.7974348,
374,Gaia DR3 1551188225625002496,200.7727769249553,47.002064207151996,2.3811308662035904,5.237154,
375,Gaia DR3 5305373440633087360,143.61095283696628,-59.2297266018616,1.7232712450125363,4.0521374,7899.9785
376,Gaia DR3 5269012591076800256,109.20754067675165,-67.95711493884554,4.752157451353536,3.7786546,5415.9604
377,Gaia DR3 6097035006749154432,210.43130998979814,-45.6034888244856,4.905623653562842,4.1875863,
378,Gaia DR3 3035364717939082368,112.34209294269067,-10.326684004259068,2.6343996676191064,5.113252,
379,Gaia DR3 49177620354353152,65.5946947605691,20.82140529982512,2.0368682528691893,5.0882215,
380,Gaia DR3 227814278088126848,63.72221249306844,40.48353170582306,4.196656722964172,4.385077,5290.4907
381,Gaia DR3 6148814891947422336,182.22738852205126,-41.23163761518153,1.7926862092351157,5.494919,
382,Gaia DR3 1840941013062502912,315.87405812418086,23.996208940500647,2.9439497592626975,4.9157634,
383,Gaia DR3 4321917051899730432,294.8555605931537,16.571094344974657,1.1320328892232996,5.4062757,4180.4585
384,Gaia DR3 5971289565647972608,252.96755916146594,-38.047480863426145,1.873246274472837,3.069865,35823.555
385,Gaia DR3 4049506483413484672,275.24868220695066,-29.82822386700995,7.846769491115783,2.296982,
386,Gaia DR3 4240272953377646592,298.11824336043924,1.0056218968067914,3.6714961421919132,3.7476714,5808.348
387,Gaia DR3 5541637564345383808,123.49292147998645,-36.32224589850537,2.3496830772128434,5.0266614,17976.434
388,Gaia DR3 1025309131366815232,146.63194016497022,57.128215731304174,5.532489107940902,4.0281754,
389,Gaia DR3 5547686493207863424,121.06742601306047,-32.67480007276501,0.8125831094136867,4.0994883,
390,Gaia DR3 5462428643590805248,154.53154195360642,-28.991951019483142,0.7106657489629279,5.372162,
391,Gaia DR3 2743004129429424000,356.59784232955866,3.4867017575906436,4.089402683709545,3.861429,
392,Gaia DR3 2887631548188825600,89.38419413169026,-35.28323557408734,3.091816411539489,4.30405,15006.801
393,Gaia DR3 6880097807842527232,304.41205353011645,-12.508204884984323,4.015716865760626,3.9628303,
394,Gaia DR3 2199904449710846720,332.8773408078624,59.41443924203745,1.1761190405229125,4.9574842,
395,Gaia DR3 2199493438511811712,332.7137697826255,58.20128527773775,3.2971978923053005,2.8701382,
396,Gaia DR3 2200153454733285248,337.2928846512036,58.41520817273959,3.5550642334569473,3.8505998,6355.6323
397,Gaia DR3 6195030801635544704,202.42798835570676,-23.28126748094725,6.735509777640576,3.1524858,
398,Gaia DR3 2005992002061917312,335.77920139127536,55.96321618744095,0.11397763942842497,5.5854383,
399,Gaia DR3 5254185333179488768,160.8844000286122,-60.5666080044978,2.20082806220161,3.8380425,
400,Gaia DR3 4100872505552406784,283.6796303399249,-15.603066511473397,1.7668059473392144,5.0078907,
401,Gaia DR3 196944217825405184,89.98371736337808,45.936700316237285,4.515407302318046,3.0882971,
402,Gaia DR3 2977433305691613440,70.1105804891658,-19.67190790965568,7.5228635453161505,3.308113,
403,Gaia DR3 2971266110612490624,83.18258484252563,-17.822282254766677,1.6817195427885396,2.5535128,
404,Gaia DR3 4092338405542143488,280.7295261408946,-19.28435988939518,4.060230228882371,4.4444084,
405,Gaia DR3 4103326065816701440,278.1805094085419,-14.865677471797216,0.7957872335848991,4.6471844,
406,Gaia DR3 6072656669316458112,185.48919975329468,-56.37438704029712,1.5081014228598517,5.3387766,
407,Gaia DR3 5616537017987940736,109.67701191823133,-24.954363523193937,0.5764975612258223,4.282144,
408,Gaia DR3 5616047494790640128,109.71359535302815,-26.585837622159936,1.8810351876842022,5.024112,
409,Gaia DR3 5437183238146150400,142.31119527120774,-35.95131201665365,4.634853159293733,4.0328364,
410,Gaia DR3 2162316545207257600,316.2328118253326,43.9278571769806,2.836313901245389,3.0638983,
411,Gaia DR3 5249119024128109952,146.77535748906328,-65.07197322907481,3.7373040047368864,2.9269278,8864.077
412,Gaia DR3 491055881678884224,51.168947658481336,64.58599364600056,1.6384853308801626,4.171272,
413,Gaia DR3 5865517646532509568,206.79521093666142,-62.58971606768743,0.24587662596140755,5.515118,
414,Gaia DR3 6058439910929477120,187.9179311373731,-59.42394107397813,1.784268804112293,5.2722187,6171.6323
415,Gaia DR3 4582795323914832000,268.85497113725245,26.050014711938804,0.7608126093496012,5.3510375,
416,Gaia DR3 3425306173127304448,92.4332717548781,23.11345257086117,0.38777980418769253,5.736358,
417,Gaia DR3 3425055656275589632,93.07957917737562,22.908505486051528,0.5642309997192667,5.15973,
418,Gaia DR3 5937811566873544704,250.41759782843386,-49.651563618948245,0.9741008267088063,5.5957747,
419,Gaia DR3 5329693847558732288,132.63939147801742,-46.529172820252505,1.4174258694291482,5.0484524,24661.406
420,Gaia DR3 5329890866290156288,131.8284872037686,-46.155395934565796,0.6947800931721699,5.555095,
421,Gaia DR3 5329412200783621120,130.3046529868285,-47.3170832661192,1.4106995265351547,4.696814,7890.9414
422,Gaia DR3 5998019895874780928,240.03043321410547,-38.39682619869986,7.594244118996563,3.4078684,24444.342
423,Gaia DR3 5329941409468845824,131.50677499291484,-46.04150716596181,2.3017049618929617,3.8647258,8084.108
424,Gaia DR3 5329944020807311616,131.6272479230704,-45.91248510017353,0.6872316846477388,5.3425817,
425,Gaia DR3 1813013108479261312,311.3676971796759,18.09000081367402,2.9865219736876267,4.5587654,
426,Gaia DR3 5858915766471945984,197.0297594341892,-65.30602945763631,0.4613081562706535,5.589323,
427,Gaia DR3 2932263546963330176,103.38708452690733,-20.224232345171853,2.682040418514686,4.7663326,21743.043
428,Gaia DR3 5695101727992548224,125.70804727384896,-26.348201377307593,0.3595966574519799,5.7891617,
429,Gaia DR3 2148205378601490688,278.1438446909768,57.045560665928,1.0200164571778358,4.60434,
430,Gaia DR3 4757601523650165120,83.40631067329583,-62.489769239431524,2.930785424074064,3.5934615,5838.165
431,Gaia DR3 2202630001603369856,325.87694430713873,58.78002783444686,0.11902358415373226,2.450726,
432,Gaia DR3 1924356459138844928,351.0368865577605,41.61286243204438,2.3076421176190878,5.2482433,
433,Gaia DR3 6099307559847568512,216.5341823978342,-45.221487599902254,3.956407384241659,4.535299,
434,Gaia DR3 1297983234755266816,247.80591291166328,22.19548769016023,2.7734943611423497,5.079833,
435,Gaia DR3 3366754155291545344,106.02717676046669,20.570294274158407,3.0729129856354085,3.5395133,
436,Gaia DR3 509008535743225600,23.357162956458243,58.32731122587744,1.720728301893038,5.076425,
437,Gaia DR3 508947650286285312,24.531552132767807,57.977603478508314,2.4121343448170647,5.1020503,
438,Gaia DR3 3315870440783129600,88.11013009741379,1.8551024303849013,2.542363555105165,4.3293777,
439,Gaia DR3 3316078695157768448,87.62511917535586,2.0246799732742495,1.470264581252945,5.6378803,
440,Gaia DR3 5308225539451195520,149.21548431065693,-54.56776992491004,1.9030403042356356,3.521229,
441,Gaia DR3 5312887640522116992,143.5365782367102,-51.255235708725884,2.85734527623412,4.9602942,20931.98
442,Gaia DR3 4175017625462647168,268.1612443348865,-6.143597122396139,1.3126031176792647,5.6400485,
443,Gaia DR3 2174336062728231040,325.1628058158378,54.32466277929231,1.8144185089093192,5.5042033,
444,Gaia DR3 5290743648127929856,119.07766060043303,-60.526384548978456,2.3473163738493743,5.203313,
445,Gaia DR3 5290818758516639104,119.9063897425201,-60.587012750445204,2.2335487872596307,4.2988462,4746.2236
446,Gaia DR3 4291204840262233344,293.2823554284752,5.029379659027878,0.9144426586970447,5.1847405,
447,Gaia DR3 6235406071207202688,239.71290472790042,-26.114226866466353,9.673294610301134,2.8735147,
448,Gaia DR3 4041291890249721344,265.8583213859813,-35.29767105243323,0.782787582145121,5.8415103,
449,Gaia DR3 1006142960069707648,94.47834228542395,61.515276001012744,4.409634883373037,3.7721922,17193.639
450,Gaia DR3 5509137443727960832,104.06663193424433,-48.72110709465919,2.7727141444285412,4.0814834,
451,Gaia DR3 3143460557918325248,112.04053009037109,8.925573994135036,3.1339523529566757,3.7767541,
452,Gaia DR3 2702544403629124224,336.31934038803763,1.3774098514356214,2.9760729103935306,4.5250964,37395.324
453,Gaia DR3 4514145288240593408,284.56144590723324,17.360872330389174,1.905742908165168,5.170657,
454,Gaia DR3 5356991663260068480,152.23421986888698,-51.81125879311411,2.0767494184080415,4.7994413,
455,Gaia DR3 5099455184968674560,49.87942190770887,-21.75771998267506,10.615268776173938,2.5895581,
456,Gaia DR3 5091648579396153856,64.56700762558273,-20.71517129290492,3.226228355039513,4.8088913,
457,Gaia DR3 6210657748086115328,228.65545275510803,-31.519119241768724,1.524260806992173,4.7960844,
458,Gaia DR3 4044222883404244736,269.7720187345046,-30.253062691826745,1.3150938995532506,4.3048916,
459,Gaia DR3 6717964750922730624,287.50734415474875,-39.34096265603892,5.864539517542389,3.7625673,
460,Gaia DR3 5618016960638976896,109.15345885325438,-23.31557664608189,1.2154615850721326,4.1069946,
461,Gaia DR3 5618635367207942400,111.74781219120358,-23.086006893602182,1.791948567737907,5.525184,31155.01
462,Gaia DR3 5618683092877834368,112.46420423729673,-23.024271665481557,0.753483780667761,4.7652264,
463,Gaia DR3 2365464065885835904,3.6599461564529565,-18.933189798652894,7.079731486363765,3.615524,
464,Gaia DR3 2366594638716759168,2.139642121089229,-17.578364695103318,2.3085018346406954,5.32114,
465,Gaia DR3 5773473920382493440,221.96534284573215,-79.04482599328387,6.550918437846783,3.3622816,4600.74
466,Gaia DR3 1965171945678382208,319.35396891172644,39.39466369242246,1.1710697963225662,4.179437,
467,Gaia DR3 1964855904803120640,319.8424261105,38.23746456503614,1.083084837993433,5.724996,6100.2607
468,Gaia DR3 1857884212378132096,312.86767706101796,28.25048193690742,1.6884589957523126,5.499797,5912.5654
469,Gaia DR3 1632499034644723968,257.1964366984523,65.7147909130057,7.8274239118414135,3.1570117,
470,Gaia DR3 1980828991263480448,325.52362107018854,51.18961175597395,2.2726484970883414,4.642398,
471,Gaia DR3 425588485465026048,9.11395664650517,60.32620581996688,1.0736556233809331,5.7019825,
472,Gaia DR3 3231949906557374592,74.63709025339023,1.7139847288632826,4.209299594321308,4.0206532,
473,Gaia DR3 3236198793146848256,80.7083419203579,3.5444432897162,1.843142295288997,4.937566,18082.28
474,Gaia DR3 3232262786334597888,73.56290684709873,2.4406776157180046,3.294487559717264,3.692016,18110.354
475,Gaia DR3 3235897703054775936,81.70929343540975,3.0956682931066135,2.9942780022218387,4.5534735,21900.889
476,Gaia DR3 2193401525619301632,311.7543869251216,58.41674993846945,1.156912270165717,5.6428795,
477,Gaia DR3 160886283751041408,74.24843702624405,33.16601472318802,7.249065034494049,2.1975422,
478,Gaia DR3 458284937619681664,35.528722285672714,56.604131417963856,0.41684194357155036,5.970163,
479,Gaia DR3 2680356911816018048,331.44606406642515,-0.31989739999996836,4.94514532586508,2.727835,7100.221
480,Gaia DR3 4650354712809914624,83.68659813613033,-73.74111481961506,3.0177330791186323,4.629465,
481,Gaia DR3 5856714131833261184,188.72671205509857,-67.7569110354985,3.0037101511828097,3.9212968,
482,Gaia DR3 3287731945364911232,72.80151646339951,5.60510830642511,3.8715039967063936,3.6682577,
483,Gaia DR3 5875338617515374464,228.254211805356,-61.74381043774013,0.9889577891933082,5.4393687,
484,Gaia DR3 3684575344281793920,198.5181063556993,-2.8069930496732494,5.5525823295476675,4.074166,
485,Gaia DR3 4207167654692390400,294.22270805867976,-7.027493521381203,1.9758175544493661,4.895795,
486,Gaia DR3 5857626314171591808,199.3040477794987,-66.78346911742918,2.522073672259521,4.3657265,
487,Gaia DR3 1773880252697231744,326.12793932206597,17.349970523256463,3.562679184105775,4.0230126,5026.678
488,Gaia DR3 5639188675501966464,130.897995022965,-33.18633878364722,4.1089407095859665,3.6639202,20227.45
489,Gaia DR3 6003160147085887872,233.5068866727224,-40.06658669419209,3.2874693723519623,4.825293,
490,Gaia DR3 1978185009394330240,326.6984114265637,49.309556757220584,2.2800572318611247,4.184846,
491,Gaia DR3 4050309195613114624,271.25513249315395,-29.580109896712006,2.365032746876402,4.585245,5125.068
492,Gaia DR3 3518794554458428160,180.21308260717453,-19.65895082036001,1.6890567730668358,5.235829,17734.068
493,Gaia DR3 2921973698674974592,103.53311608405266,-24.18419290193152,1.286929178005339,3.2783384,
494,Gaia DR3 2921635736292220800,105.75612410219094,-23.833277071923618,0.8714895713272475,3.0407002,
495,Gaia DR3 2184135666254074880,311.0919614564338,56.48839838596871,3.193713530384703,4.848727,
496,Gaia DR3 2072529601058432768,298.9656913425931,38.486707144233186,2.561155233300059,4.910045,
497,Gaia DR3 3164322073068316800,115.51340060203538,14.208461835326624,2.7257722973450464,4.508947,
498,Gaia DR3 2662455625565532672,347.80866191861065,5.004313633338974,3.9005842759682565,4.6237364,
499,Gaia DR3 2671038928727970944,322.8898027828743,-5.571211107815946,5.972785301344111,2.7120852,
500,Gaia DR3 5419161761530143872,148.8587785868644,-41.58686533286369,1.580066998060683,5.446049,
501,Gaia DR3 5972220130436909568,258.6152251248684,-39.766655891085136,0.5484974178158757,5.324928,4572.738
502,Gaia DR3 5836281598082648320,242.28769644846207,-56.05796533770043,0.956091412763279,5.7924156,
503,Gaia DR3 6913577284069471616,311.9343288484159,-5.027879830542929,6.469099931342217,3.449377,
504,Gaia DR3 5963313055420825600,255.13483295826148,-45.451763920686844,0.9995158625403521,5.768646,
505,Gaia DR3 4501903772425258752,270.0142017503803,16.75086939770987,4.304313841910277,4.3138337,
506,Gaia DR3 5300734910309994240,139.05006945281832,-57.54153282068637,6.250075545962206,3.5909956,
507,Gaia DR3 5241863999774969984,163.6233822531451,-61.82663628188002,1.5704491553078646,5.1979556,
508,Gaia DR3 5352174702807141632,159.82648584598135,-55.60324561502394,4.159527392469507,4.0128927,
509,Gaia DR3 1349637195812633984,269.2022944867467,45.350708169749176,3.4584809874933873,4.598965,
510,Gaia DR3 3396380255582857728,85.3238273128886,16.534069297841707,1.383104643146504,4.721123,
511,Gaia DR3 5333141675530343936,177.42089229652078,-63.788460161353285,4.595664672791638,4.3004665,15288.296
512,Gaia DR3 5333074089931966592,178.74996543083657,-63.27918390306925,0.5163398626683956,5.8308487,
513,Gaia DR3 229898024422755840,59.463595170524904,40.0100950978535,5.331620151096612,2.904279,38816.12
514,Gaia DR3 4184011836737423872,290.4317644126162,-15.955043447580321,2.0869324115661207,4.414471,
515,Gaia DR3 1977100856572910336,324.01079818650203,45.37459068778563,5.175964856383765,3.5311058,
516,Gaia DR3 6750856228950043264,300.6646666593532,-27.70978078962147,7.267748469925214,3.220193,
517,Gaia DR3 1060005766968901376,161.2668583704658,67.41138641641032,2.381341535497871,4.915826,
518,Gaia DR3 1061909811871141504,172.85040436553678,69.33099194674183,8.645797394390561,3.1029344,
519,Gaia DR3 3040767752434465536,117.54406864793292,-9.183442468209659,1.6991510554663902,5.156718,4506.8115
520,Gaia DR3 4066022591147527552,270.9685234856782,-24.360740155476854,0.8000626527957448,5.885749,
521,Gaia DR3 5968468321845736192,249.09399140903668,-42.85887639365291,0.7601361243558197,5.2670107,
522,Gaia DR3 5968761685316464128,247.92401678007585,-41.81715759331093,0.7734493241438036,5.1761,
523,Gaia DR3 2028058994291893888,295.9832102060562,27.135376103135506,-0.19309484417048706,5.863253,
524,Gaia DR3 6705977119250947712,271.65772381444384,-50.09152286889015,2.946986528235679,3.643981,21340.709
525,Gaia DR3 2016497560778585600,351.2095352302913,62.28276036468802,3.8932829887687177,4.1590085,
526,Gaia DR3 3375442118216324864,92.9642251620216,21.868228022064805,0.47763290945328724,5.1718717,
527,Gaia DR3 3374836252947269888,90.97993942986818,20.138441150108694,0.7635539712812923,4.5121093,
528,Gaia DR3 1402893450252244224,237.6942691540535,48.482917538259905,3.398059147970198,4.6493096,
529,Gaia DR3 5533042338353486080,119.24078110358354,-43.50036083393706,1.6210405455781687,5.272162,
530,Gaia DR3 5519315829032177152,123.40058392729064,-46.99158231443404,2.744577957338717,5.092365,
531,Gaia DR3 5519380081746387328,122.9998341007663,-46.64431879265177,1.2379332654119242,5.587531,6242.4023
532,Gaia DR3 4255143126653060352,281.79360701332786,-4.747945922834593,4.854912899637715,3.8905008,
533,Gaia DR3 6770036281588698496,288.30693684425927,-25.90682977165718,2.109156850501606,5.346976,
534,Gaia DR3 2191213153886504704,319.81533890365745,58.62348562292023,0.5545572461403149,4.657596,6297.264
535,Gaia DR3 506778691804372736,32.169069954162865,58.42359984629357,0.3840703028019795,5.476785,
536,Gaia DR3 5824367461802186624,227.37460268954368,-67.08415022301814,0.9223471174744081,5.571874,
537,Gaia DR3 6071060144089351808,183.7860104400386,-58.748974282250245,7.168087771989562,2.7730124,
538,Gaia DR3 5718985903686146432,116.93832441731675,-16.014484859361204,1.4214794006017033,5.5954804,
539,Gaia DR3 5719544455591427712,118.07862939922532,-14.846176468156491,1.4690932870985043,5.602957,
540,Gaia DR3 5718988927344562944,116.91051666191507,-15.99067324200254,0.3197047307852636,5.746924,
541,Gaia DR3 1339952869195300608,258.7616572468772,36.809174548038804,8.899064345249363,2.7025177,
542,Gaia DR3 1334035606852913536,259.3315097591969,33.10007734753541,3.435643408857473,4.815964,15571.395
543,Gaia DR3 2851617392714906880,359.4395212218164,25.14126236383725,6.424684031654784,3.6454024,
544,Gaia DR3 6801963487915169920,312.9553322987257,-26.919143946973296,5.897469347770312,3.3990402,4473.8335
545,Gaia DR3 1955662200884781824,333.4699229448179,39.71501064231144,5.71806608437562,3.9903636,
546,Gaia DR3 3501286618492133632,187.57256133475363,-23.696413377113537,3.189972999251262,4.885602,
547,Gaia DR3 1985889115564260224,344.10832216302356,49.73353177685781,1.4018111325391363,4.216367,
548,Gaia DR3 5964806394061262976,253.4266679331016,-43.05111433148434,4.267423732736172,4.462919,
549,Gaia DR3 5964986649547042944,253.49886248281086,-42.36204478621972,0.5855000591336458,4.526421,6105.94
550,Gaia DR3 5599927623535365888,115.88487487913042,-28.410753989502773,4.13844615795041,3.9190986,4881.2646
551,Gaia DR3 5599824647403389952,115.95193084548448,-28.95480827545906,0.9731727800868006,3.8961058,
552,Gaia DR3 6088137479477550464,199.13251535952296,-44.70437556491053,1.507501976014923,5.5670934,
553,Gaia DR3 6109087784495371648,207.40398070198327,-42.47381501215476,7.326930145519016,3.4261973,19977.424
554,Gaia DR3 5932748487665645824,240.4009096402406,-54.14324010755499,0.4188323006807985,5.8869066,
555,Gaia DR3 5446423258984949632,152.97424165359413,-35.32473670599682,1.223508677959141,5.744507,
556,Gaia DR3 944939847899350784,99.13682410093567,38.445417469878024,2.0387256186369243,4.140064,4105.7466
557,Gaia DR3 5329122067149201152,130.56744410010623,-48.099075557417315,0.9478630353991352,5.479792,19819.902
558,Gaia DR3 5351069693654349952,161.90988823934796,-57.467395008044534,0.8997264353129674,5.657246,
559,Gaia DR3 5351044233094021376,163.12847432664975,-57.24038860667154,0.44412641118724183,5.1751633,
560,Gaia DR3 3224479171721217280,84.79643988939736,4.121470907332876,1.9760860069837427,4.466577,15709.806
561,Gaia DR3 3228743421412376704,76.34886739642991,1.1776099338614843,2.0397879427330197,4.5757837,
562,Gaia DR3 3230572046686872192,67.96944609436333,-0.04404520275510469,3.742767929297138,4.5114136,
563,Gaia DR3 4144228413737011712,270.3463455052834,-17.156896419625582,1.8023809149270416,5.4936676,
564,Gaia DR3 1381119031215320576,247.16079375745315,41.881650687920455,8.486623721850398,2.7236698,
565,Gaia DR3 1384603383563154304,238.65750251915182,43.13885354577183,4.348816353863441,4.4158,
566,Gaia DR3 1388904123294869760,230.65572385943926,39.58139932273327,1.3231801913245191,4.9114814,
567,Gaia DR3 1389780502781841536,232.73239370968219,40.83301114019052,3.3492105046040446,4.3609033,
568,Gaia DR3 1678844308746410880,194.1081029726309,65.99434944839442,2.4890636705863614,5.1631446,4301.8813
569,Gaia DR3 467907038749282560,44.102667717198436,64.3324436056366,1.4948423349510198,5.246683,4469.4985
570,Gaia DR3 5313125719158014208,140.4963482261586,-52.56432494292622,0.518675712196739,5.890425,
571,Gaia DR3 5313280715934982144,140.99718773707124,-51.737063976451275,0.32161265306711057,5.8698606,
572,Gaia DR3 5313416299453665792,139.6764416567547,-51.560631032039986,0.5374632726823981,5.661753,6596.083
573,Gaia DR3 611797170530193408,133.84533174450627,17.23130175808034,1.75004578394306,5.0156755,
574,Gaia DR3 622052899598187392,151.83312977678483,16.762660412755842,1.7965196308953622,3.4907143,
575,Gaia DR3 6754054639555151744,299.2368398064238,-27.169970624182735,3.8050724466658243,4.053887,
576,Gaia DR3 2073743839843579776,297.65550993874785,40.5997239089879,0.867265423409951,5.6359863,
577,Gaia DR3 4077480533158341248,278.4728472798821,-24.032314643183064,1.7715454322748339,4.7401404,
578,Gaia DR3 4578644701883831168,274.79454708363795,24.446081408026984,2.6663715571976185,4.753304,
579,Gaia DR3 1999776222304976384,336.1290951420093,49.4763771500571,1.2656283218300588,4.509516,
580,Gaia DR3 5866952440466180736,214.1429167837981,-59.91372277123619,1.108229829807931,4.781366,
581,Gaia DR3 418551920284673408,10.12724197930297,56.53718879378639,14.090976249252234,1.9425238,
582,Gaia DR3 1542553623374596352,191.28258987519374,45.44031536481818,3.2222468322927225,3.9576192,
583,Gaia DR3 1531136019754825600,193.73538377865802,47.19668749848795,4.172469409988188,4.2112246,
584,Gaia DR3 5322904913005317888,128.6815560201254,-49.94412196707303,2.691768513433559,4.5791163,
585,Gaia DR3 2220601656582906880,319.8426438315253,64.87188332691034,2.4791347878930456,4.87215,
586,Gaia DR3 2026116260337482112,292.6803397469523,27.959624176962155,8.981563552668588,2.651682,
587,Gaia DR3 6631708338599353856,283.0542904873621,-62.18765029329833,2.972641631982488,4.165446,
588,Gaia DR3 2916888182517895168,91.73960789122329,-21.812313342468403,3.4302360493628923,4.4843793,
589,Gaia DR3 2913152694837288192,91.43981189014927,-24.19562687012799,3.8974515986062066,4.4638066,
590,Gaia DR3 3047927737798430848,108.56464099865256,-9.947521525747039,1.4157731176417376,5.4093347,
591,Gaia DR3 5512761468416162432,119.1944354921627,-52.98224123127124,5.685676033617275,3.4414794,13867.093
592,Gaia DR3 203855713561818240,69.17259751847932,41.26475172720214,3.6003144749177594,3.8100004,
593,Gaia DR3 2072979060791869568,297.64171395867913,38.7228856833424,4.570987853963305,4.2994523,
594,Gaia DR3 5932216736403579648,244.1803846698258,-53.811115850015135,4.130545644935997,4.4258685,
595,Gaia DR3 4302054339959905920,296.56498571046956,10.613252703828636,5.589928355256642,2.223692,
596,Gaia DR3 119186137034428032,50.08480629155294,29.048386408151032,5.034723041629357,3.8667917,
597,Gaia DR3 5544672044638408832,123.37294754935455,-35.89947213282602,2.4339590393829678,4.750914,37451.25
598,Gaia DR3 1867360078466623872,319.4795551037545,34.89687106903825,5.012019318099419,4.1268325,
599,Gaia DR3 243276881910517120,56.29837849320915,42.57854136383548,5.47664352654924,3.663778,
600,Gaia DR3 6058584397964308992,182.10299793243928,-60.84713273868664,1.2492833645389507,5.5446362,
601,Gaia DR3 5771483873053059968,226.19520878642874,-83.03838918455051,2.0741430839454544,5.262153,
602,Gaia DR3 5944296074139193984,248.5209193617997,-44.04532454516372,1.096695251926267,4.8155746,
603,Gaia DR3 5229179105872769408,157.75846840063642,-73.22145815267073,2.5906160296641265,4.271682,
604,Gaia DR3 1459043241342371328,207.9477024650543,34.444094754116385,6.20366601067614,3.7662876,
605,Gaia DR3 1473800572875309184,200.97478924743396,37.03387394308479,2.6013101951688316,5.0900908,
606,Gaia DR3 2829186324715284480,343.6485152808574,16.94180027900253,2.1404701813977445,5.027484,
607,Gaia DR3 2826377725342437504,353.4811497955,20.840862376986763,2.4946956183164533,4.957931,
608,Gaia DR3 2827595468830192384,353.3671020306092,22.498706099382574,5.844871229207309,3.950527,
609,Gaia DR3 457487413730043904,35.589314692312705,55.84564535570569,0.7851998831581133,5.057103,
610,Gaia DR3 1820309639468685824,299.005263800266,16.634763461606617,1.6673186211551927,5.461868,5639.034
611,Gaia DR3 1820484908501127040,300.0137889177588,17.516448520964932,3.4238985561738056,4.0958447,3658.8088
612,Gaia DR3 6694503955921318784,304.0983910443687,-36.45364448031958,2.980908236519464,4.8812265,
613,Gaia DR3 2013382713057701248,346.653458795134,59.41974860303823,2.2684353642494357,4.791771,
614,Gaia DR3 2013693531246217088,347.4339150096096,59.332693303729855,1.1900487785796876,5.578588,
615,Gaia DR3 2014529258861130112,343.26587883769645,60.10104594995002,1.9818501293743438,5.3152566,
616,Gaia DR3 5440991156144997504,158.80336427160702,-39.56257836426491,3.6154003389214076,4.187924,
617,Gaia DR3 5846133771931012096,212.6286732243717,-70.30548126632651,1.1568691160595659,5.3325934,
618,Gaia DR3 4469314179061640320,270.1613199486119,2.9315258495371417,1.3731154046787157,3.9324145,
619,Gaia DR3 2031043893478042624,301.15070699288765,32.2185494881055,0.509820108220937,5.4437695,
620,Gaia DR3 3400017749285334784,86.4142090898592,20.695021132195624,1.5006295148634619,5.3861275,
621,Gaia DR3 3400796031719045632,83.05313628063799,18.59421655157538,1.5207023448393597,3.1337926,
622,Gaia DR3 3446200914143500160,81.78446429925891,30.208582048085596,1.1026219356017908,5.6331773,
623,Gaia DR3 2086308474601847168,297.99609664167923,47.02732085168613,0.5038268019442613,5.5857744,
624,Gaia DR3 5978207447948294016,256.2056387304741,-34.122937351033436,0.9234913233101671,4.7359853,
625,Gaia DR3 2610370969483589888,343.1537089468947,-7.579451402482835,8.936000082367386,2.8595295,
626,Gaia DR3 1624770945369328128,244.31400054028535,59.75513494528652,4.7630393930209936,4.1115527,
627,Gaia DR3 1986628812013105152,337.38260044640924,47.706882023498416,1.4838483825810553,3.5363603,
628,Gaia DR3 5966563486675142912,253.7437684795529,-41.15086637583546,0.5416667036863951,5.671538,
629,Gaia DR3 518061296009524480,30.75077265273442,64.3900082211575,1.0770295252339708,5.480928,
630,Gaia DR3 5966510057279631488,253.50765128170775,-41.806400365822114,0.1598843584599856,5.4242997,
631,Gaia DR3 5749184707792022016,131.53981148988126,-10.829937662381075,2.0100759496031824,5.390416,3650.0137
632,Gaia DR3 5333974693006467328,173.94499364430385,-63.01986715208006,8.276956632943902,3.1292858,
633,Gaia DR3 5334135702753475200,175.22332700921308,-62.09009716056271,3.0180945499876324,4.5889106,
634,Gaia DR3 2892069009618363520,97.8498840684673,-32.868511501071445,2.37793317529329,5.2678285,
635,Gaia DR3 5302503371669042688,130.15422888445784,-59.76098171605692,1.8023100180053184,4.297206,
636,Gaia DR3 2893648458072296576,98.16238867811607,-32.03042178700928,1.3655549761344492,5.6639895,18799.697
637,Gaia DR3 2891652569589516160,95.15100257105965,-34.144051532795146,1.7700500433494395,5.501668,19425.578
638,Gaia DR3 3431191274757139328,90.25188897079622,27.572351751398795,0.5763723266423353,5.946002,
639,Gaia DR3 5597142972899118080,119.09466622007194,-30.284636471209808,2.415837815614961,4.678067,
640,Gaia DR3 5596975125580580736,119.41706711464809,-30.334542150454148,1.715673786161027,4.740834,
641,Gaia DR3 5786929090848333568,211.33111350491527,-76.79690699917452,8.380805497629552,3.0503223,
642,Gaia DR3 5787908446471451136,198.57199777881533,-78.44747325310531,1.552844721818953,5.5322022,
643,Gaia DR3 5530644887602904576,116.88124589508425,-46.60845054394359,2.1793226024581935,5.1700344,
644,Gaia DR3 5530670107652889344,117.30952843989927,-46.373170156596245,3.506475329336614,4.0345917,19981.0
645,Gaia DR3 3063169992609073152,125.72534359773171,-7.543094403282074,2.584900999183485,4.9731545,
646,Gaia DR3 5989988650636770944,244.57269971477407,-46.449836026826475,1.2532182164940373,5.754441,3542.5767
647,Gaia DR3 1971467916750747264,319.61330451716344,43.94590648819495,1.4497779081030102,4.992317,21118.25
648,Gaia DR3 1971358279140128768,323.3245040308007,45.853998633416026,1.2215241370083527,5.563503,
649,Gaia DR3 3384529341302871296,100.98300597068413,25.131074836391473,3.747653899374491,2.6483977,
650,Gaia DR3 3447781290310332672,85.17520771749727,31.92059727415291,0.9188675278194314,5.079807,
651,Gaia DR3 3448691754658000640,83.18197230212488,32.19200837084741,0.9087346862036254,4.5889196,15015.948
652,Gaia DR3 3717256094034195584,199.40115348731604,5.469941628676424,4.669278608187353,3.9564712,
653,Gaia DR3 5515464136727687296,127.26974930114613,-47.92889147333366,1.48041128967809,5.459061,15960.932
654,Gaia DR3 5922444483103229952,261.3248860596135,-55.529996917051356,4.560053792219337,2.3912818,
655,Gaia DR3 5922299347569528832,261.3485553800659,-56.377786406266836,3.9387250754255283,3.3046894,14338.137
656,Gaia DR3 5521599549054493696,130.1565070492401,-46.648720227436435,0.4311601010823921,3.5536344,
657,Gaia DR3 5521193245139287296,123.02520951180794,-43.40041985085734,0.7379632217454133,5.817507,
658,Gaia DR3 5521252069013332736,122.85785441385654,-42.98725806067096,0.7272922110955039,4.683607,
659,Gaia DR3 5356397274150705920,151.88670503248818,-53.260130740590306,0.5090917628723376,5.659166,3613.5479
660,Gaia DR3 2056616231822305280,308.4757640562065,35.25082566230425,0.8792483739781002,3.8773339,
661,Gaia DR3 2056972679739120000,307.33497078368316,36.4547172676802,0.8570286006238435,5.739101,
662,Gaia DR3 2057110874609437952,304.6627847732914,34.98275147811952,0.9739922856085181,4.9598055,
663,Gaia DR3 474128453493428224,55.67805194433253,59.969400102804954,1.843265011358894,5.0030713,
664,Gaia DR3 474610073947130368,59.28452023934915,61.10882789355552,3.1699195110652068,4.4589205,
665,Gaia DR3 2922717243412685056,103.945515550021,-22.941424936574073,1.5186779898513187,5.2699256,
666,Gaia DR3 2924859847973986048,97.96400994106081,-23.418394841586725,2.1660237512142166,4.2663584,22637.568
667,Gaia DR3 5242895960110588160,153.43377667824367,-70.0378747806419,8.297806024095525,3.3005145,12278.335
668,Gaia DR3 5334459474589681536,171.6474478916146,-61.115160073508335,2.2216379075478807,5.237007,
669,Gaia DR3 5334446516614032128,171.7485206231036,-61.369315202975585,0.4635177927600294,5.6946774,
670,Gaia DR3 4609802834185436928,269.06327056542517,37.250566408097306,4.100249049969286,3.47414,
671,Gaia DR3 3456177332896378496,87.76035890286224,37.30536699975672,5.735845053078788,3.9505138,
672,Gaia DR3 6762295547933876864,286.87851636958965,-28.63683687567429,1.613354273547716,5.454546,
673,Gaia DR3 1793035016563051392,328.0758398142776,21.273269022675954,3.1294226056605385,4.891479,3632.5725
674,Gaia DR3 1795337256472746624,329.95655140849897,23.940773642617568,2.4171209097739252,4.710875,
675,Gaia DR3 1794238260239888768,326.51822141697903,22.94886808459116,2.367278446734679,4.848323,
676,Gaia DR3 5253796346624992128,158.00593262490582,-61.68528632440866,6.443814896756056,3.247181,17833.904
677,Gaia DR3 5542313111163231744,127.62412333456412,-36.72131836651618,0.6544065136992102,5.587209,3695.433
678,Gaia DR3 5542859770291048704,125.33764465327565,-36.484145082370105,2.349329105130249,5.1399207,17543.87
679,Gaia DR3 5251851860296275968,157.2188913747353,-64.17227225037759,1.832972469516927,4.3596005,
680,Gaia DR3 1836489640252776576,302.94989890362433,26.808945540990727,2.0170627451049503,5.051252,
681,Gaia DR3 5332864289366577664,179.69850477635973,-64.33956184803282,0.7194202690454009,5.5476847,
682,Gaia DR3 462250738616785152,52.26719596759808,59.940328920151536,1.0527302138944405,4.071776,
683,Gaia DR3 2250211573437245568,305.02526328112157,68.88043625204803,4.6727616396313945,4.187609,
684,Gaia DR3 2012942564813958656,357.2090148684101,62.21450835796583,0.42643566901094904,5.293167,
685,Gaia DR3 5932963991897373184,243.3206746922995,-53.67119494469387,1.2917581209319464,5.102559,
686,Gaia DR3 5593345912571693824,112.67744619582737,-30.962275845942536,2.399903285007338,4.4038615,
687,Gaia DR3 1809450278508701824,302.0271104618585,16.664411806329603,2.0086237296574914,5.3708634,
688,Gaia DR3 3001626650311480064,95.89964835546134,-9.874713268717057,1.371928691488276,5.2683825,
689,Gaia DR3 6070423698625106560,204.99850607667705,-49.94990050552723,5.875170461238087,3.8364408,
690,Gaia DR3 1998276832038927744,356.75802052522687,57.45132668380801,2.0215288020932385,4.9051385,
691,Gaia DR3 3351573301326617344,102.50907753204157,12.058108311372084,1.2171533967896835,5.769297,
692,Gaia DR3 1998132418058968064,358.8909610592405,57.41216862365885,0.5018719826004467,5.929951,
693,Gaia DR3 1998148532777850880,358.59593000622834,57.49936804016163,-0.05692948580011033,4.050132,
694,Gaia DR3 413463586628312448,19.55779304162413,57.80316285738621,2.5681677873234072,4.701408,3518.9565
695,Gaia DR3 413828761929696256,20.020472791574196,58.231607764923005,0.21416606475270417,4.736113,
696,Gaia DR3 5820481547175876992,238.87322281303986,-68.60302913643213,2.9494801312384684,4.795941,
697,Gaia DR3 414844573229875712,10.516330240572175,50.512506558020945,2.9021845719617136,4.776489,
698,Gaia DR3 4054313101536149376,265.243938613915,-32.21448931076728,2.0344072167206924,5.3304176,
699,Gaia DR3 5543095448042982144,124.44227567297942,-36.06757864992707,1.1752479433611287,5.6537213,
700,Gaia DR3 5543161865418889344,123.99504510570353,-35.9031643673414,1.5429102781344854,5.6147575,
701,Gaia DR3 246265388874592768,63.724475082644574,48.40925558769521,3.939483224357637,3.8461115,
702,Gaia DR3 2988329637719192960,79.89385682650418,-13.17679073992929,3.3378208786274657,4.218469,23426.844
703,Gaia DR3 2991407583086382592,91.24634511639586,-16.484452256410272,3.574193632202335,4.6582184,
704,Gaia DR3 2989528414633822464,77.84544163484792,-11.8488309684996,6.077662841446712,3.6340435,
705,Gaia DR3 5713071321401501568,121.82511949818539,-20.554339107161802,2.007086517511812,5.30117,
706,Gaia DR3 5572962581890940160,92.54322931460091,-40.353461438412936,3.9736898673686842,4.480907,
707,Gaia DR3 5334608080460780672,177.61359406333256,-62.64937856185192,0.36989048295549687,5.590644,
708,Gaia DR3 4539937082217201792,258.1158758132156,10.58503893505079,3.5583565808957336,4.5400457,
709,Gaia DR3 5942196311827421568,247.42634385880945,-46.243249131461596,0.6504624641062906,5.129825,
710,Gaia DR3 487286480940656768,56.50969325226341,63.344987620350096,2.9225123724989266,4.4914093,
711,Gaia DR3 487305619316615680,55.5386799878536,63.21688594960669,4.267086622698051,3.9577527,
712,Gaia DR3 488354175450563968,57.380326534704494,65.52591009149197,3.32880597098895,3.267435,
713,Gaia DR3 5318547273548061824,130.0731005351964,-52.921814838154795,7.0823165728302655,3.5350146,14723.649
714,Gaia DR3 6665511449204071424,301.84637872842717,-52.88074241205903,4.357907475723342,4.19161,4528.858
715,Gaia DR3 1932278646577186688,340.36936127050086,40.225427094031346,2.5877389357967377,5.2101936,18865.14
716,Gaia DR3 2068796381105945472,304.37108053829326,42.72205970236979,1.335371691108652,5.689376,
717,Gaia DR3 2227677902962865664,353.7460805864376,71.64204123766595,1.8264176318663485,5.173991,
718,Gaia DR3 4521541153187357568,287.1570589751846,24.17930719185776,0.9648575655149414,5.826367,4474.391
719,Gaia DR3 5339673152557622016,169.68191510324763,-58.18638408884731,3.179616467695823,4.789421,
720,Gaia DR3 2043600522403619328,285.00347297566384,32.14555499144238,2.626871943255913,4.4706326,
721,Gaia DR3 2043823929421342848,284.73591160914657,32.68956324554115,4.965623359553961,3.2489738,
722,Gaia DR3 1942705624581332224,349.43625917771857,49.01532842822809,5.696300607561407,3.9340034,5159.3555
723,Gaia DR3 3801795103551451648,165.4570246227282,-2.484747657477281,5.494781386083479,4.0261264,
724,Gaia DR3 5254827443673628288,156.10560063071168,-60.19138587563628,0.47430033509794944,5.88385,
725,Gaia DR3 5254903760987765248,155.08993192367154,-60.45436570051683,0.41431251567805955,5.662138,
726,Gaia DR3 5355489661667879936,156.70373290716665,-54.877290418216575,1.7178676275489526,5.052071,
727,Gaia DR3 5355568551631287424,156.1651012055365,-54.32191771393482,1.4036382918994859,5.21826,
728,Gaia DR3 5355604835516835712,156.56510192726128,-53.8914436922241,0.35838080927784466,5.7057457,
729,Gaia DR3 5355253335382594176,154.9030304438349,-55.02929569542762,1.8988058997926562,4.01697,
730,Gaia DR3 2315550051916217856,6.981967886364166,-33.00738563529265,5.898388870903959,3.8037894,
731,Gaia DR3 3594895396349823616,181.81195720138876,-6.765504959685941,2.1996759789197244,5.0184383,
732,Gaia DR3 6227443304915069056,226.0172005141403,-25.2821590562471,12.538654525627177,2.3034124,
