,designation,ra,dec,parallax,phot_g_mean_mag,teff_gspphot
0,Gaia DR3 4094031138050641408,273.80404921555873,-20.387978918638318,0.06414678648829153,5.897889,21691.086
1,Gaia DR3 4093968702062993664,273.8037832649009,-20.72827600390888,0.8769077486837962,5.279456,25209.965
2,Gaia DR3 5969594496668629376,252.89050342811538,-41.230536548894186,0.4892604539450828,5.1687064,
3,Gaia DR3 2009856132592845568,345.0212305361792,56.94536540741404,0.2507273488845277,4.999452,
4,Gaia DR3 5540591825707339648,122.83950361494622,-39.618529839401084,2.3830674713203885,3.8102102,
5,Gaia DR3 5351595878668219776,158.8969397634595,-57.557632157144205,2.2158629550985287,3.87057,
6,Gaia DR3 5351701122540337792,156.85189911483013,-57.63878871978393,0.4975900536988298,4.483113,
7,Gaia DR3 2166348110749083520,312.2345339835501,46.11412316200807,0.543468503480708,4.673104,
8,Gaia DR3 2166846047768767488,313.95750211059317,47.41763849332711,0.3915125977927643,5.531616,15024.623
9,Gaia DR3 482818271843093376,73.51254990847781,66.34270799687302,0.591571207421435,4.2128644,9997.991
10,Gaia DR3 5518235833732209536,118.3256183569648,-48.10290774132125,1.5287829356529452,4.1740985,
11,Gaia DR3 5423960064637139200,139.09596184932082,-44.265706988386576,1.458844801539999,4.4766154,
12,Gaia DR3 6056408567538569088,193.34118608008222,-60.328494180112266,0.44358820880757455,5.6354527,
13,Gaia DR3 6056416676437740416,192.82485850498807,-60.32979316316365,0.45344846614361173,5.5826783,
14,Gaia DR3 3337991583943473280,83.78449673650563,9.934150110721673,2.5935737953210762,3.528103,33118.273
15,Gaia DR3 3030133379058134144,113.44982947953935,-14.523886220595731,1.3538433380226595,3.8964202,
16,Gaia DR3 3324424744330466304,98.22594198368961,7.332948162884764,1.2158885929765342,4.4379134,
17,Gaia DR3 430769040662018560,8.249996717303175,62.9317732684215,1.0644361052472915,4.118094,
18,Gaia DR3 2163949388695291136,314.95652722895505,47.520952441379954,1.4681098952118063,4.549879,41342.062
19,Gaia DR3 2205660290000075392,331.2866087282461,62.27980115248062,1.0221496763735376,5.0328045,
20,Gaia DR3 181259753177437568,80.00383649956103,33.958038947874506,0.8596301020312545,4.9333158,
21,Gaia DR3 5333358794709001216,175.87991025983249,-62.48939051370723,0.15368523710807233,4.791573,
22,Gaia DR3 6060572727302161920,193.9880084370721,-56.83581050132701,0.7575637726123303,5.3158255,17075.568
23,Gaia DR3 454491381981202944,42.67433778950114,55.89543428763181,3.265744722465881,3.1448548,
24,Gaia DR3 4263490687602407936,291.6295360769325,0.33856060777582986,0.8751597416504627,4.460513,
25,Gaia DR3 5250032958818831360,146.31159319122628,-62.50786736246062,1.9841691082382484,3.4711742,5488.411
26,Gaia DR3 2203889767044993920,326.36215544560565,61.12079660682435,0.9320880212508735,4.121482,
27,Gaia DR3 3326740865570982400,100.24441664679023,9.895739133621289,-1.3292349046808456,4.543516,26003.506
28,Gaia DR3 200929706966014976,75.6195856403002,41.075746103013174,1.4243804312657276,3.1632786,
29,Gaia DR3 970675154497903616,96.2245887330116,49.28788253332824,0.4425656919727949,4.122197,
30,Gaia DR3 5617678822143017088,109.66823156630946,-24.55868316646098,0.8549491665900713,4.9880133,23133.97
31,Gaia DR3 5337891256535666176,167.1474026341081,-58.97503165727452,0.22275528413050544,3.557437,
32,Gaia DR3 5338040205991255296,165.7755724996937,-60.91072029508195,0.4503928748390512,5.4932246,
33,Gaia DR3 5589311357728452608,109.28559423278779,-37.097444485279574,5.762063161817684,2.0832374,
34,Gaia DR3 5522096008597568000,130.48708723542606,-45.410691833782316,0.5990418486351304,5.1157784,
35,Gaia DR3 2192289403968737280,318.19683965966686,60.097985177078016,0.9286426444269665,4.9458847,
36,Gaia DR3 5998976093037660416,232.35107809874762,-46.73273050452892,1.518635209339361,4.54036,
37,Gaia DR3 3017190546641718144,83.85826322361507,-5.909896048091421,1.9968658285610956,2.7408419,35000.023
38,Gaia DR3 5610441600394646016,105.42975475577698,-27.934808608833123,2.508532778196012,2.7605493,
39,Gaia DR3 427499264872921472,12.81824376728299,61.80548436216646,0.9903087883110576,5.1906443,
40,Gaia DR3 5336114548828274560,172.95327032994066,-59.51564214893272,0.46654239473766135,4.959113,
41,Gaia DR3 5330765974462198784,137.768289864662,-44.86788305060216,0.5934892999260477,4.876352,
42,Gaia DR3 3870025847369674624,158.2027646952496,9.306570149631488,1.5912719917828275,3.8256657,
43,Gaia DR3 2026641620708032640,298.00664191932043,24.992142161765695,0.656628972876284,5.307211,7592.4062
44,Gaia DR3 5957938608303888896,267.5463147469851,-40.090441230775156,0.8147793941012971,4.686216,
45,Gaia DR3 5538814190283894656,116.31367447237092,-37.96856044058731,2.9459649267338475,2.875049,
46,Gaia DR3 3360882763199831424,105.06592052769187,16.07897910095371,0.7208925522646366,5.0911365,
47,Gaia DR3 5336490478704008960,172.94191336266627,-59.44205356300341,0.3253749176989074,4.723902,
48,Gaia DR3 168726523212358272,58.53304404662457,31.88359461391294,3.855550617532855,2.8219895,28444.018
49,Gaia DR3 6662929658466129920,286.74254042746605,-45.9704577089873,0.491363662179527,5.6403155,3757.8132
50,Gaia DR3 3214077516844988800,81.11923705133687,-2.3971524975189644,1.5783049215332816,3.6153696,18608.2
51,Gaia DR3 2934094096385049728,104.0342526530782,-17.05422445391176,0.945272122756345,4.3546667,
52,Gaia DR3 205499655242974464,75.49223197537926,43.823296688371194,0.9878818319946335,2.847648,
53,Gaia DR3 3098523380258573952,101.90506561465706,-8.99849728806019,1.1020488653002771,4.173226,
54,Gaia DR3 2428589330539122304,1.1254682646720602,-10.509574730675123,1.6457113850349974,4.390705,4309.2466
55,Gaia DR3 5255378028454342272,156.96958728792242,-58.73939589190718,2.111081211869636,3.75138,
56,Gaia DR3 5337672556798367360,168.1499985796962,-60.31761731733319,0.3931956453938817,4.431382,
57,Gaia DR3 450113435913489792,52.478079028412495,58.878746215239254,0.9302612032005914,4.3358145,
58,Gaia DR3 5614471482318442240,117.32353878305732,-24.859795343600315,3.0058993777046874,3.0238004,
59,Gaia DR3 5305373440633087360,143.61095283696628,-59.2297266018616,1.7232712450125363,4.0521374,7899.9785
60,Gaia DR3 5971289565647972608,252.96755916146594,-38.047480863426145,1.873246274472837,3.069865,35823.555
61,Gaia DR3 5547686493207863424,121.06742601306047,-32.67480007276501,0.8125831094136867,4.0994883,
62,Gaia DR3 5462428643590805248,154.53154195360642,-28.991951019483142,0.7106657489629279,5.372162,
63,Gaia DR3 2199904449710846720,332.8773408078624,59.41443924203745,1.1761190405229125,4.9574842,
64,Gaia DR3 2199493438511811712,332.7137697826255,58.20128527773775,3.2971978923053005,2.8701382,
65,Gaia DR3 2005992002061917312,335.77920139127536,55.96321618744095,0.11397763942842497,5.5854383,
66,Gaia DR3 5254185333179488768,160.8844000286122,-60.5666080044978,2.20082806220161,3.8380425,
67,Gaia DR3 2971266110612490624,83.18258484252563,-17.822282254766677,1.6817195427885396,2.5535128,
68,Gaia DR3 4103326065816701440,278.1805094085419,-14.865677471797216,0.7957872335848991,4.6471844,
69,Gaia DR3 5616537017987940736,109.67701191823133,-24.954363523193937,0.5764975612258223,4.282144,
70,Gaia DR3 2162316545207257600,316.2328118253326,43.9278571769806,2.836313901245389,3.0638983,
71,Gaia DR3 5249119024128109952,146.77535748906328,-65.07197322907481,3.7373040047368864,2.9269278,8864.077
72,Gaia DR3 491055881678884224,51.168947658481336,64.58599364600056,1.6384853308801626,4.171272,
73,Gaia DR3 5865517646532509568,206.79521093666142,-62.58971606768743,0.24587662596140755,5.515118,
74,Gaia DR3 4582795323914832000,268.85497113725245,26.050014711938804,0.7608126093496012,5.3510375,
75,Gaia DR3 3425306173127304448,92.4332717548781,23.11345257086117,0.38777980418769253,5.736358,
76,Gaia DR3 3425055656275589632,93.07957917737562,22.908505486051528,0.5642309997192667,5.15973,
77,Gaia DR3 5329412200783621120,130.3046529868285,-47.3170832661192,1.4106995265351547,4.696814,7890.9414
78,Gaia DR3 5329941409468845824,131.50677499291484,-46.04150716596181,2.3017049618929617,3.8647258,8084.108
79,Gaia DR3 5329944020807311616,131.6272479230704,-45.91248510017353,0.6872316846477388,5.3425817,
80,Gaia DR3 5858915766471945984,197.0297594341892,-65.30602945763631,0.4613081562706535,5.589323,
81,Gaia DR3 5695101727992548224,125.70804727384896,-26.348201377307593,0.3595966574519799,5.7891617,
82,Gaia DR3 2148205378601490688,278.1438446909768,57.045560665928,1.0200164571778358,4.60434,
83,Gaia DR3 2202630001603369856,325.87694430713873,58.78002783444686,0.11902358415373226,2.450726,
84,Gaia DR3 5308225539451195520,149.21548431065693,-54.56776992491004,1.9030403042356356,3.521229,
85,Gaia DR3 4291204840262233344,293.2823554284752,5.029379659027878,0.9144426586970447,5.1847405,
86,Gaia DR3 4044222883404244736,269.7720187345046,-30.253062691826745,1.3150938995532506,4.3048916,
87,Gaia DR3 5618016960638976896,109.15345885325438,-23.31557664608189,1.2154615850721326,4.1069946,
88,Gaia DR3 5618683092877834368,112.46420423729673,-23.024271665481557,0.753483780667761,4.7652264,
89,Gaia DR3 1965171945678382208,319.35396891172644,39.39466369242246,1.1710697963225662,4.179437,
90,Gaia DR3 2921973698674974592,103.53311608405266,-24.18419290193152,1.286929178005339,3.2783384,
91,Gaia DR3 2921635736292220800,105.75612410219094,-23.833277071923618,0.8714895713272475,3.0407002,
92,Gaia DR3 5972220130436909568,258.6152251248684,-39.766655891085136,0.5484974178158757,5.324928,4572.738
93,Gaia DR3 3396380255582857728,85.3238273128886,16.534069297841707,1.383104643146504,4.721123,
94,Gaia DR3 5968468321845736192,249.09399140903668,-42.85887639365291,0.7601361243558197,5.2670107,
95,Gaia DR3 5968761685316464128,247.92401678007585,-41.81715759331093,0.7734493241438036,5.1761,
96,Gaia DR3 2028058994291893888,295.9832102060562,27.135376103135506,-0.19309484417048706,5.863253,
97,Gaia DR3 3375442118216324864,92.9642251620216,21.868228022064805,0.47763290945328724,5.1718717,
98,Gaia DR3 3374836252947269888,90.97993942986818,20.138441150108694,0.7635539712812923,4.5121093,
99,Gaia DR3 2191213153886504704,319.81533890365745,58.62348562292023,0.5545572461403149,4.657596,6297.264
100,Gaia DR3 506778691804372736,32.169069954162865,58.42359984629357,0.3840703028019795,5.476785,
101,Gaia DR3 5718988927344562944,116.91051666191507,-15.99067324200254,0.3197047307852636,5.746924,
102,Gaia DR3 1985889115564260224,344.10832216302356,49.73353177685781,1.4018111325391363,4.216367,
103,Gaia DR3 5964986649547042944,253.49886248281086,-42.36204478621972,0.5855000591336458,4.526421,6105.94
104,Gaia DR3 5599824647403389952,115.95193084548448,-28.95480827545906,0.9731727800868006,3.8961058,
105,Gaia DR3 944939847899350784,99.13682410093567,38.445417469878024,2.0387256186369243,4.140064,4105.7466
106,Gaia DR3 5351044233094021376,163.12847432664975,-57.24038860667154,0.44412641118724183,5.1751633,
107,Gaia DR3 5313280715934982144,140.99718773707124,-51.737063976451275,0.32161265306711057,5.8698606,
108,Gaia DR3 5313416299453665792,139.6764416567547,-51.560631032039986,0.5374632726823981,5.661753,6596.083
109,Gaia DR3 622052899598187392,151.83312977678483,16.762660412755842,1.7965196308953622,3.4907143,
110,Gaia DR3 1999776222304976384,336.1290951420093,49.4763771500571,1.2656283218300588,4.509516,
111,Gaia DR3 5866952440466180736,214.1429167837981,-59.91372277123619,1.108229829807931,4.781366,
112,Gaia DR3 5944296074139193984,248.5209193617997,-44.04532454516372,1.096695251926267,4.8155746,
113,Gaia DR3 457487413730043904,35.589314692312705,55.84564535570569,0.7851998831581133,5.057103,
114,Gaia DR3 4469314179061640320,270.1613199486119,2.9315258495371417,1.3731154046787157,3.9324145,
115,Gaia DR3 2031043893478042624,301.15070699288765,32.2185494881055,0.509820108220937,5.4437695,
116,Gaia DR3 3400796031719045632,83.05313628063799,18.59421655157538,1.5207023448393597,3.1337926,
117,Gaia DR3 2086308474601847168,297.99609664167923,47.02732085168613,0.5038268019442613,5.5857744,
118,Gaia DR3 5978207447948294016,256.2056387304741,-34.122937351033436,0.9234913233101671,4.7359853,
119,Gaia DR3 1986628812013105152,337.38260044640924,47.706882023498416,1.4838483825810553,3.5363603,
120,Gaia DR3 5966563486675142912,253.7437684795529,-41.15086637583546,0.5416667036863951,5.671538,
121,Gaia DR3 5966510057279631488,253.50765128170775,-41.806400365822114,0.1598843584599856,5.4242997,
122,Gaia DR3 5302503371669042688,130.15422888445784,-59.76098171605692,1.8023100180053184,4.297206,
123,Gaia DR3 3384529341302871296,100.98300597068413,25.131074836391473,3.747653899374491,2.6483977,
124,Gaia DR3 3447781290310332672,85.17520771749727,31.92059727415291,0.9188675278194314,5.079807,
125,Gaia DR3 3448691754658000640,83.18197230212488,32.19200837084741,0.9087346862036254,4.5889196,15015.948
126,Gaia DR3 5922444483103229952,261.3248860596135,-55.529996917051356,4.560053792219337,2.3912818,
127,Gaia DR3 5521599549054493696,130.1565070492401,-46.648720227436435,0.4311601010823921,3.5536344,
128,Gaia DR3 5521252069013332736,122.85785441385654,-42.98725806067096,0.7272922110955039,4.683607,
129,Gaia DR3 5356397274150705920,151.88670503248818,-53.260130740590306,0.5090917628723376,5.659166,3613.5479
130,Gaia DR3 2056616231822305280,308.4757640562065,35.25082566230425,0.8792483739781002,3.8773339,
131,Gaia DR3 2057110874609437952,304.6627847732914,34.98275147811952,0.9739922856085181,4.9598055,
132,Gaia DR3 5334446516614032128,171.7485206231036,-61.369315202975585,0.4635177927600294,5.6946774,
133,Gaia DR3 5542313111163231744,127.62412333456412,-36.72131836651618,0.6544065136992102,5.587209,3695.433
134,Gaia DR3 462250738616785152,52.26719596759808,59.940328920151536,1.0527302138944405,4.071776,
135,Gaia DR3 2012942564813958656,357.2090148684101,62.21450835796583,0.42643566901094904,5.293167,
136,Gaia DR3 1998148532777850880,358.59593000622834,57.49936804016163,-0.05692948580011033,4.050132,
137,Gaia DR3 413828761929696256,20.020472791574196,58.231607764923005,0.21416606475270417,4.736113,
138,Gaia DR3 5334608080460780672,177.61359406333256,-62.64937856185192,0.36989048295549687,5.590644,
139,Gaia DR3 5942196311827421568,247.42634385880945,-46.243249131461596,0.6504624641062906,5.129825,
140,Gaia DR3 5254903760987765248,155.08993192367154,-60.45436570051683,0.41431251567805955,5.662138,
141,Gaia DR3 5355604835516835712,156.56510192726128,-53.8914436922241,0.35838080927784466,5.7057457,
142,Gaia DR3 5355253335382594176,154.9030304438349,-55.02929569542762,1.8988058997926562,4.01697,
143,Gaia DR3 5856960216266329216,193.79243031427893,-68.90679268637989,0.4555282765243759,5.746269,
144,Gaia DR3 6004302402223120512,229.01671390465498,-41.49117827476526,0.29684139310759067,5.064031,
145,Gaia DR3 5350668303173229824,159.36272075035663,-58.73332259211821,0.467465139400594,5.2264423,
146,Gaia DR3 5350406619413548032,160.66897013737804,-59.21574664835191,0.4715162019040973,5.271519,15104.513
147,Gaia DR3 5958043164999014400,266.8961644868148,-40.127021345862346,1.4177487203133474,2.8666828,
148,Gaia DR3 390548351252549760,11.181443815216312,48.28432996662515,0.5116474850853595,4.3494897,
149,Gaia DR3 2061242908036996352,304.4466538791861,38.032900101431466,0.6250835571020142,4.5663805,
150,Gaia DR3 5935484313053503360,244.25388123947533,-50.06813816594715,1.2045680730475774,4.735878,5169.2983
151,Gaia DR3 3429829048565502848,89.49856114377457,25.953902795771025,0.8614699648345876,4.7625966,
152,Gaia DR3 5523539671667837952,129.4109070378244,-42.9890365785687,1.5188129478313843,4.0997505,7898.938
153,Gaia DR3 2216195157578923136,324.4800815259345,62.08192269169192,1.025146214666492,4.6535788,
154,Gaia DR3 2216536246703152256,329.1630789062305,63.6255485672108,1.0033079115530021,3.94011,
155,Gaia DR3 5337105105696383360,167.14159637803903,-61.94716725389448,0.3850633831987077,5.0380383,
156,Gaia DR3 2082600852679281408,303.40796229720166,46.74133773743381,2.916701118242992,3.2822554,
